0.1612 0.1559 0.1483 0.1441 0.138 0.1312 0.1226 0.1141 0.1087 0.0997 0.091 0.0789 0.0735 0.0757 0.0828 0.0875 0.0887 0.0855 0.0837 0.0791 0.0799 0.079 0.0756 0.0734
0.0729 0.0699 0.0631 0.0589 0.0509 0.0466 0.0419 0.0383 0.0383 0.0386 0.0378 0.0341 0.0339 0.0339 0.0352 0.0377 0.0417 0.0466 0.0516 0.0548 0.0579 0.0586 0.059 0.0588
0.0363 0.0318 0.0275 0.0251 0.023 0.0202 0.0171 0.0146 0.0134 0.0125 0.0126 0.0121 0.0123 0.0127 0.0142 0.0152 0.0163 0.0186 0.0201 0.0198 0.019 0.0187 0.0175 0.0166
0.0195 0.0185 0.0183 0.0176 0.0178 0.0171 0.0166 0.016 0.0156 0.0151 0.014 0.014 0.0148 0.0162 0.0172 0.0182 0.0196 0.0212 0.0218 0.0205 0.0182 0.0173 0.0162 0.0156
0.0169 0.0181 0.0211 0.0242 0.0284 0.0322 0.0357 0.0377 0.0407 0.0398 0.0382 0.04 0.0456 0.0539 0.061 0.0665 0.0689 0.0692 0.0672 0.0638 0.0648 0.0667 0.0676 0.0694
0.0696 0.0675 0.0636 0.0576 0.0516 0.0449 0.0385 0.0332 0.0294 0.0238 0.0198 0.0171 0.0159 0.0163 0.0175 0.0205 0.0227 0.0233 0.023 0.0226 0.0249 0.0299 0.0353 0.0422
0.0395 0.0449 0.0477 0.0541 0.0596 0.0664 0.0745 0.0857 0.0938 0.1081 0.122 0.1368 0.1504 0.1628 0.1724 0.1732 0.164 0.1568 0.1447 0.1337 0.1297 0.1246 0.1173 0.1135
0.1383 0.1315 0.1236 0.1124 0.106 0.0994 0.0952 0.089 0.0804 0.0687 0.0605 0.0529 0.0487 0.0462 0.0463 0.0459 0.0453 0.043 0.0401 0.0371 0.0362 0.0339 0.0306 0.0283
0.0292 0.0274 0.0249 0.0224 0.02 0.0181 0.0181 0.0185 0.0208 0.0237 0.0286 0.0309 0.034 0.0387 0.0454 0.0542 0.0617 0.0691 0.0793 0.09 0.1083 0.126 0.145 0.1687
0.2187 0.2375 0.2515 0.2545 0.2445 0.2307 0.205 0.1898 0.1844 0.1851 0.1895 0.2 0.2102 0.2193 0.2205 0.2145 0.201 0.1847 0.1637 0.1476 0.1443 0.1473 0.148 0.1517
0.0788 0.0797 0.0818 0.0833 0.0817 0.0794 0.0765 0.0734 0.0721 0.0644 0.054 0.0503 0.0487 0.0514 0.0527 0.0534 0.054 0.0538 0.056 0.0613 0.0696 0.0812 0.0914 0.1006
0.1383 0.1406 0.1426 0.1521 0.1547 0.1503 0.1467 0.1439 0.148 0.1574 0.167 0.1861 0.2083 0.2288 0.2436 0.2465 0.2501 0.2471 0.2323 0.2165 0.2132 0.2118 0.2129 0.2182
0.2708 0.2779 0.2712 0.2621 0.2539 0.2337 0.2138 0.1959 0.1927 0.1957 0.2023 0.2039 0.2126 0.2181 0.2315 0.2426 0.2431 0.2435 0.2423 0.2491 0.2727 0.2926 0.319 0.3401
0.3681 0.374 0.3674 0.3533 0.3395 0.3065 0.2668 0.245 0.2317 0.2221 0.2142 0.2073 0.2029 0.1922 0.1785 0.1588 0.1376 0.1248 0.1149 0.1119 0.1226 0.1365 0.1539 0.1693
0.1888 0.1943 0.1928 0.1858 0.1813 0.1766 0.1714 0.1599 0.1472 0.1387 0.1262 0.1165 0.1158 0.1188 0.131 0.1423 0.1478 0.158 0.1654 0.1747 0.1902 0.1968 0.2084 0.2138
0.3573 0.3645 0.3708 0.3738 0.3732 0.3795 0.3912 0.3911 0.3931 0.3882 0.3935 0.3896 0.3977 0.3966 0.3876 0.3672 0.3361 0.2901 0.2431 0.2094 0.1992 0.1901 0.1789 0.1713
0.1584 0.15 0.1443 0.1374 0.13 0.117 0.1027 0.0906 0.0856 0.0791 0.0745 0.072 0.078 0.0859 0.097 0.1041 0.1007 0.095 0.0882 0.0841 0.089 0.1012 0.112 0.1181
0.1465 0.1419 0.1353 0.1255 0.114 0.0994 0.0812 0.0674 0.0569 0.0489 0.0419 0.0372 0.0372 0.0364 0.0373 0.0362 0.0349 0.0328 0.0323 0.0348 0.0415 0.0509 0.0612 0.0774
0.094 0.1116 0.1289 0.1448 0.1591 0.1677 0.1638 0.1633 0.1692 0.1726 0.1774 0.1785 0.1872 0.1929 0.1979 0.1983 0.1936 0.1889 0.1779 0.1691 0.1667 0.1638 0.1572 0.1591
0.1465 0.1444 0.1407 0.138 0.1349 0.1341 0.1304 0.1265 0.13 0.1348 0.1422 0.1512 0.1642 0.1742 0.1813 0.1779 0.1697 0.1541 0.1375 0.1287 0.1265 0.1235 0.1202 0.1208
0.1228 0.1248 0.1244 0.1231 0.1197 0.1165 0.1087 0.102 0.1012 0.1014 0.1019 0.0975 0.0929 0.0863 0.088 0.0927 0.0998 0.1112 0.1285 0.1506 0.1706 0.1902 0.2012 0.2145
0.1479 0.1582 0.1614 0.1664 0.1703 0.175 0.1769 0.1761 0.1725 0.1634 0.1548 0.1495 0.1482 0.1536 0.1575 0.159 0.1568 0.1521 0.1469 0.147 0.1511 0.1623 0.1684 0.1776
0.2229 0.2158 0.2053 0.1982 0.1913 0.1885 0.1831 0.1766 0.1664 0.1629 0.1615 0.1613 0.1629 0.1665 0.1744 0.18 0.1801 0.1707 0.1608 0.1512 0.14 0.125 0.1129 0.1032
0.087 0.0811 0.0666 0.0631 0.0614 0.0621 0.0657 0.0708 0.0711 0.0727 0.0698 0.0632 0.0569 0.0532 0.052 0.0522 0.0552 0.0602 0.0611 0.0581 0.0542 0.0502 0.0457 0.0446
0.1897 0.2043 0.2131 0.2196 0.2254 0.2332 0.2411 0.2455 0.2398 0.2211 0.2068 0.1959 0.1935 0.203 0.2145 0.2242 0.2287 0.2271 0.2297 0.2304 0.2331 0.2457 0.2469 0.2507
0.2622 0.2558 0.2479 0.2387 0.228 0.2123 0.1903 0.1687 0.1628 0.1558 0.1438 0.135 0.1307 0.1305 0.1383 0.146 0.1541 0.1612 0.1657 0.1686 0.1731 0.181 0.1857 0.1909
0.2121 0.2093 0.2022 0.1983 0.1866 0.171 0.1497 0.1339 0.1257 0.1183 0.1101 0.1069 0.104 0.1032 0.103 0.1003 0.0965 0.0945 0.09 0.0914 0.0988 0.1078 0.1173 0.1277
0.1185 0.1182 0.1151 0.1079 0.1035 0.0962 0.088 0.0843 0.0818 0.079 0.0737 0.0725 0.0746 0.078 0.081 0.0835 0.0853 0.0896 0.0976 0.1049 0.1129 0.1151 0.1136 0.1156
0.081 0.0682 0.0596 0.0514 0.0449 0.0372 0.0322 0.028 0.0254 0.0223 0.02 0.0194 0.02 0.0217 0.0241 0.0277 0.0321 0.0391 0.0482 0.0562 0.0647 0.0718 0.076 0.0826
0.0848 0.0875 0.0877 0.0883 0.0891 0.0866 0.0808 0.0757 0.0734 0.0697 0.066 0.0673 0.0739 0.0848 0.0975 0.112 0.1234 0.1296 0.1333 0.1362 0.1381 0.145 0.1482 0.1526
0.1371 0.1428 0.1447 0.1452 0.1463 0.1476 0.1479 0.1456 0.1444 0.1413 0.1316 0.1283 0.1281 0.137 0.1485 0.1638 0.1749 0.1766 0.1757 0.172 0.1772 0.176 0.1751 0.1764
