0.1964 0.1811 0.1739 0.1611 0.151 0.1385 0.1364 0.1321 0.1188 0.0859 0.054 0.0527 0.0704 0.0824 0.0858 0.0873 0.0814 0.0757 0.0842 0.1173 0.1421 0.1488 0.1378 0.1268
0.1175 0.1063 0.1033 0.0957 0.0891 0.078 0.067 0.0581 0.0527 0.0449 0.0305 0.0242 0.0287 0.0308 0.0305 0.0311 0.038 0.0417 0.0493 0.0613 0.0649 0.0603 0.0509 0.0401
0.0321 0.0301 0.026 0.0198 0.0155 0.0136 0.0109 0.0103 0.0092 0.0082 0.0066 0.0053 0.0051 0.0058 0.0061 0.0061 0.007 0.0075 0.0083 0.013 0.0172 0.0192 0.0204 0.0212
0.0214 0.022 0.0205 0.018 0.0183 0.0183 0.0158 0.0147 0.0144 0.0146 0.0106 0.0113 0.0113 0.0103 0.0092 0.0086 0.0093 0.0079 0.0097 0.0146 0.0158 0.0176 0.0179 0.0171
0.0212 0.0251 0.0288 0.0347 0.0422 0.0427 0.0421 0.0433 0.0426 0.0409 0.0346 0.0357 0.0439 0.0513 0.0555 0.0615 0.068 0.0666 0.0658 0.0656 0.0697 0.0741 0.0712 0.0699
0.0667 0.0614 0.0579 0.0557 0.046 0.0353 0.0269 0.0248 0.0212 0.0142 0.0112 0.0113 0.0118 0.0116 0.0111 0.0131 0.0145 0.0146 0.0158 0.0176 0.0226 0.0254 0.0295 0.0309
0.036 0.0488 0.0586 0.0633 0.0779 0.0948 0.1141 0.1235 0.132 0.1495 0.1751 0.1872 0.197 0.2033 0.2028 0.211 0.1981 0.1843 0.1596 0.1599 0.1617 0.1563 0.1462 0.1363
0.1253 0.1187 0.1104 0.1043 0.1028 0.0954 0.0878 0.0773 0.0693 0.0551 0.0397 0.0345 0.033 0.0337 0.033 0.0332 0.0326 0.0309 0.0353 0.0414 0.0463 0.0412 0.0388 0.0355
0.0275 0.0235 0.0225 0.0192 0.017 0.017 0.0191 0.024 0.0286 0.0315 0.0241 0.0253 0.0366 0.0435 0.0507 0.0583 0.0611 0.0635 0.0786 0.1038 0.1327 0.1571 0.1808 0.214
0.234 0.2411 0.2405 0.231 0.2218 0.2161 0.1939 0.1693 0.1561 0.1511 0.1433 0.142 0.1326 0.1305 0.1272 0.1235 0.1136 0.1001 0.0948 0.1009 0.11 0.1119 0.1102 0.1145
0.0694 0.0635 0.0607 0.0586 0.0554 0.0509 0.0503 0.0525 0.0468 0.0352 0.0332 0.0466 0.0537 0.0574 0.0538 0.0513 0.0524 0.0547 0.0589 0.0775 0.1031 0.1216 0.1338 0.143
0.1124 0.1037 0.1008 0.1061 0.1118 0.1064 0.1075 0.1082 0.1065 0.1045 0.1181 0.1301 0.1695 0.2064 0.2289 0.2382 0.2363 0.2361 0.2477 0.2654 0.2774 0.3012 0.3024 0.318
0.3185 0.3238 0.3134 0.3003 0.2879 0.257 0.2297 0.213 0.1999 0.2004 0.2127 0.2334 0.2458 0.2502 0.2671 0.2888 0.2846 0.2724 0.2814 0.3171 0.3609 0.4101 0.445 0.4714
0.4724 0.4684 0.4613 0.4413 0.425 0.3995 0.3475 0.3004 0.2744 0.2604 0.2276 0.2021 0.1734 0.1513 0.1377 0.1215 0.1129 0.1096 0.1184 0.1351 0.162 0.1856 0.1971 0.2129
0.2273 0.2314 0.2125 0.1982 0.1929 0.1909 0.1885 0.1846 0.1833 0.1805 0.1572 0.1509 0.1592 0.1804 0.1938 0.2136 0.229 0.2491 0.2763 0.3112 0.3372 0.3483 0.3485 0.3542
0.3825 0.4327 0.4563 0.477 0.5091 0.5375 0.5607 0.5476 0.538 0.5356 0.5351 0.5239 0.5088 0.507 0.4971 0.4568 0.4098 0.3123 0.2312 0.1931 0.1818 0.1747 0.1653 0.1583
0.1435 0.1363 0.1391 0.1414 0.1325 0.1145 0.099 0.0929 0.0863 0.076 0.0595 0.0536 0.0602 0.0717 0.083 0.0983 0.1087 0.1047 0.1091 0.1331 0.1632 0.1817 0.1826 0.1758
0.1678 0.165 0.1551 0.1446 0.1304 0.1122 0.0946 0.0817 0.0675 0.0528 0.0397 0.0341 0.0323 0.0327 0.0298 0.0276 0.0248 0.0228 0.0281 0.0356 0.0439 0.0486 0.0553 0.0649
0.0805 0.0938 0.1071 0.13 0.1444 0.1576 0.1595 0.1564 0.1579 0.1543 0.146 0.1406 0.149 0.154 0.1534 0.1441 0.1323 0.1288 0.1282 0.1342 0.1487 0.1571 0.1419 0.1409
0.1485 0.1473 0.1434 0.1408 0.1333 0.1298 0.1227 0.1159 0.1123 0.1145 0.1225 0.1356 0.1483 0.1583 0.1537 0.1293 0.1177 0.1002 0.0974 0.105 0.1171 0.1278 0.123 0.1254
0.1242 0.1204 0.1091 0.0973 0.0885 0.0814 0.0796 0.0723 0.0694 0.0656 0.0546 0.0476 0.0473 0.0522 0.0638 0.0748 0.0817 0.1026 0.1424 0.188 0.2173 0.2366 0.2561 0.2587
0.1497 0.16 0.1564 0.1622 0.1588 0.1666 0.1705 0.1706 0.1658 0.1542 0.1394 0.1308 0.1284 0.1273 0.1173 0.1087 0.1002 0.0942 0.1047 0.1143 0.1282 0.1422 0.1515 0.1635
0.2511 0.2499 0.2478 0.2421 0.2325 0.2197 0.2074 0.1887 0.1755 0.1523 0.1265 0.1022 0.0935 0.0887 0.0826 0.0778 0.0721 0.0756 0.0821 0.0874 0.0917 0.0956 0.0934 0.0858
0.076 0.0713 0.0574 0.0438 0.0446 0.0445 0.0401 0.0469 0.044 0.0366 0.0277 0.021 0.0174 0.0159 0.0178 0.0215 0.0293 0.0426 0.0492 0.0471 0.0443 0.042 0.0294 0.027
0.1734 0.1858 0.1998 0.2121 0.2337 0.2474 0.2599 0.2642 0.252 0.2317 0.2164 0.2134 0.2485 0.2922 0.3119 0.332 0.3429 0.3162 0.2929 0.2878 0.3 0.2999 0.2802 0.2704
0.2651 0.2469 0.236 0.2225 0.199 0.1774 0.1582 0.1458 0.1415 0.1219 0.1075 0.1092 0.1208 0.1379 0.1558 0.1648 0.1758 0.1685 0.177 0.1907 0.1985 0.2055 0.192 0.1971
0.1751 0.1645 0.1648 0.1597 0.1587 0.147 0.1259 0.1108 0.1028 0.0867 0.0719 0.0647 0.0664 0.072 0.0732 0.0718 0.0678 0.0617 0.0594 0.063 0.0731 0.0833 0.0893 0.0931
0.093 0.092 0.093 0.0943 0.0954 0.0916 0.0865 0.086 0.0852 0.0806 0.0748 0.0747 0.08 0.0871 0.0963 0.0983 0.1004 0.0971 0.0909 0.0953 0.0975 0.0848 0.0757 0.0631
0.0553 0.0453 0.0407 0.0356 0.032 0.0266 0.0195 0.0192 0.0173 0.0128 0.0112 0.0111 0.0121 0.013 0.0132 0.016 0.0227 0.0289 0.0361 0.0474 0.0583 0.0634 0.0678 0.0762
0.0846 0.0894 0.0898 0.0888 0.0853 0.0795 0.0719 0.0739 0.0671 0.0589 0.0527 0.0547 0.0586 0.0671 0.073 0.0836 0.0898 0.0849 0.0929 0.119 0.1403 0.147 0.1393 0.1356
0.1387 0.135 0.1375 0.1404 0.1342 0.1383 0.1328 0.1274 0.1188 0.1032 0.0906 0.0905 0.0959 0.1124 0.1347 0.1511 0.1548 0.1463 0.1556 0.1942 0.2232 0.2288 0.2199 0.2088
0.1964 0.1811 0.1739 0.1611 0.151 0.1385 0.1364 0.1321 0.1188 0.0859 0.054 0.0527 0.0704 0.0824 0.0858 0.0873 0.0814 0.0757 0.0842 0.1173 0.1421 0.1488 0.1378 0.1268
0.1175 0.1063 0.1033 0.0957 0.0891 0.078 0.067 0.0581 0.0527 0.0449 0.0305 0.0242 0.0287 0.0308 0.0305 0.0311 0.038 0.0417 0.0493 0.0613 0.0649 0.0603 0.0509 0.0401
0.0321 0.0301 0.026 0.0198 0.0155 0.0136 0.0109 0.0103 0.0092 0.0082 0.0066 0.0053 0.0051 0.0058 0.0061 0.0061 0.007 0.0075 0.0083 0.013 0.0172 0.0192 0.0204 0.0212
0.0214 0.022 0.0205 0.018 0.0183 0.0183 0.0158 0.0147 0.0144 0.0146 0.0106 0.0113 0.0113 0.0103 0.0092 0.0086 0.0093 0.0079 0.0097 0.0146 0.0158 0.0176 0.0179 0.0171
0.0212 0.0251 0.0288 0.0347 0.0422 0.0427 0.0421 0.0433 0.0426 0.0409 0.0346 0.0357 0.0439 0.0513 0.0555 0.0615 0.068 0.0666 0.0658 0.0656 0.0697 0.0741 0.0712 0.0699
0.0667 0.0614 0.0579 0.0557 0.046 0.0353 0.0269 0.0248 0.0212 0.0142 0.0112 0.0113 0.0118 0.0116 0.0111 0.0131 0.0145 0.0146 0.0158 0.0176 0.0226 0.0254 0.0295 0.0309
0.036 0.0488 0.0586 0.0633 0.0779 0.0948 0.1141 0.1235 0.132 0.1495 0.1751 0.1872 0.197 0.2033 0.2028 0.211 0.1981 0.1843 0.1596 0.1599 0.1617 0.1563 0.1462 0.1363
0.1253 0.1187 0.1104 0.1043 0.1028 0.0954 0.0878 0.0773 0.0693 0.0551 0.0397 0.0345 0.033 0.0337 0.033 0.0332 0.0326 0.0309 0.0353 0.0414 0.0463 0.0412 0.0388 0.0355
0.0275 0.0235 0.0225 0.0192 0.017 0.017 0.0191 0.024 0.0286 0.0315 0.0241 0.0253 0.0366 0.0435 0.0507 0.0583 0.0611 0.0635 0.0786 0.1038 0.1327 0.1571 0.1808 0.214
0.234 0.2411 0.2405 0.231 0.2218 0.2161 0.1939 0.1693 0.1561 0.1511 0.1433 0.142 0.1326 0.1305 0.1272 0.1235 0.1136 0.1001 0.0948 0.1009 0.11 0.1119 0.1102 0.1145
0.0694 0.0635 0.0607 0.0586 0.0554 0.0509 0.0503 0.0525 0.0468 0.0352 0.0332 0.0466 0.0537 0.0574 0.0538 0.0513 0.0524 0.0547 0.0589 0.0775 0.1031 0.1216 0.1338 0.143
0.1124 0.1037 0.1008 0.1061 0.1118 0.1064 0.1075 0.1082 0.1065 0.1045 0.1181 0.1301 0.1695 0.2064 0.2289 0.2382 0.2363 0.2361 0.2477 0.2654 0.2774 0.3012 0.3024 0.318
0.3185 0.3238 0.3134 0.3003 0.2879 0.257 0.2297 0.213 0.1999 0.2004 0.2127 0.2334 0.2458 0.2502 0.2671 0.2888 0.2846 0.2724 0.2814 0.3171 0.3609 0.4101 0.445 0.4714
0.4724 0.4684 0.4613 0.4413 0.425 0.3995 0.3475 0.3004 0.2744 0.2604 0.2276 0.2021 0.1734 0.1513 0.1377 0.1215 0.1129 0.1096 0.1184 0.1351 0.162 0.1856 0.1971 0.2129
0.2273 0.2314 0.2125 0.1982 0.1929 0.1909 0.1885 0.1846 0.1833 0.1805 0.1572 0.1509 0.1592 0.1804 0.1938 0.2136 0.229 0.2491 0.2763 0.3112 0.3372 0.3483 0.3485 0.3542
0.3825 0.4327 0.4563 0.477 0.5091 0.5375 0.5607 0.5476 0.538 0.5356 0.5351 0.5239 0.5088 0.507 0.4971 0.4568 0.4098 0.3123 0.2312 0.1931 0.1818 0.1747 0.1653 0.1583
0.1435 0.1363 0.1391 0.1414 0.1325 0.1145 0.099 0.0929 0.0863 0.076 0.0595 0.0536 0.0602 0.0717 0.083 0.0983 0.1087 0.1047 0.1091 0.1331 0.1632 0.1817 0.1826 0.1758
0.1678 0.165 0.1551 0.1446 0.1304 0.1122 0.0946 0.0817 0.0675 0.0528 0.0397 0.0341 0.0323 0.0327 0.0298 0.0276 0.0248 0.0228 0.0281 0.0356 0.0439 0.0486 0.0553 0.0649
0.0805 0.0938 0.1071 0.13 0.1444 0.1576 0.1595 0.1564 0.1579 0.1543 0.146 0.1406 0.149 0.154 0.1534 0.1441 0.1323 0.1288 0.1282 0.1342 0.1487 0.1571 0.1419 0.1409
0.1485 0.1473 0.1434 0.1408 0.1333 0.1298 0.1227 0.1159 0.1123 0.1145 0.1225 0.1356 0.1483 0.1583 0.1537 0.1293 0.1177 0.1002 0.0974 0.105 0.1171 0.1278 0.123 0.1254
0.1242 0.1204 0.1091 0.0973 0.0885 0.0814 0.0796 0.0723 0.0694 0.0656 0.0546 0.0476 0.0473 0.0522 0.0638 0.0748 0.0817 0.1026 0.1424 0.188 0.2173 0.2366 0.2561 0.2587
0.1497 0.16 0.1564 0.1622 0.1588 0.1666 0.1705 0.1706 0.1658 0.1542 0.1394 0.1308 0.1284 0.1273 0.1173 0.1087 0.1002 0.0942 0.1047 0.1143 0.1282 0.1422 0.1515 0.1635
0.2511 0.2499 0.2478 0.2421 0.2325 0.2197 0.2074 0.1887 0.1755 0.1523 0.1265 0.1022 0.0935 0.0887 0.0826 0.0778 0.0721 0.0756 0.0821 0.0874 0.0917 0.0956 0.0934 0.0858
0.076 0.0713 0.0574 0.0438 0.0446 0.0445 0.0401 0.0469 0.044 0.0366 0.0277 0.021 0.0174 0.0159 0.0178 0.0215 0.0293 0.0426 0.0492 0.0471 0.0443 0.042 0.0294 0.027
0.1734 0.1858 0.1998 0.2121 0.2337 0.2474 0.2599 0.2642 0.252 0.2317 0.2164 0.2134 0.2485 0.2922 0.3119 0.332 0.3429 0.3162 0.2929 0.2878 0.3 0.2999 0.2802 0.2704
0.2651 0.2469 0.236 0.2225 0.199 0.1774 0.1582 0.1458 0.1415 0.1219 0.1075 0.1092 0.1208 0.1379 0.1558 0.1648 0.1758 0.1685 0.177 0.1907 0.1985 0.2055 0.192 0.1971
0.1751 0.1645 0.1648 0.1597 0.1587 0.147 0.1259 0.1108 0.1028 0.0867 0.0719 0.0647 0.0664 0.072 0.0732 0.0718 0.0678 0.0617 0.0594 0.063 0.0731 0.0833 0.0893 0.0931
0.093 0.092 0.093 0.0943 0.0954 0.0916 0.0865 0.086 0.0852 0.0806 0.0748 0.0747 0.08 0.0871 0.0963 0.0983 0.1004 0.0971 0.0909 0.0953 0.0975 0.0848 0.0757 0.0631
0.0553 0.0453 0.0407 0.0356 0.032 0.0266 0.0195 0.0192 0.0173 0.0128 0.0112 0.0111 0.0121 0.013 0.0132 0.016 0.0227 0.0289 0.0361 0.0474 0.0583 0.0634 0.0678 0.0762
0.0846 0.0894 0.0898 0.0888 0.0853 0.0795 0.0719 0.0739 0.0671 0.0589 0.0527 0.0547 0.0586 0.0671 0.073 0.0836 0.0898 0.0849 0.0929 0.119 0.1403 0.147 0.1393 0.1356
0.1387 0.135 0.1375 0.1404 0.1342 0.1383 0.1328 0.1274 0.1188 0.1032 0.0906 0.0905 0.0959 0.1124 0.1347 0.1511 0.1548 0.1463 0.1556 0.1942 0.2232 0.2288 0.2199 0.2088
