0 0 0 0 0 0 0 0 0 2 6 11 15 13 8 3 0 0 0 0 0 0 0 0
0 0 0 0 0 0 0 0 0 2 10 25 32 26 22 10 1 0 0 0 0 0 0 0
0 0 0 0 0 0 0 0 0 3 14 25 32 32 22 10 2 0 0 0 0 0 0 0
0 0 0 0 0 0 0 0 0 2 14 27 32 30 21 9 1 0 0 0 0 0 0 0
0 0 0 0 0 0 0 0 1 9 26 52 70 72 55 26 4 0 0 0 0 0 0 0
0 0 0 0 0 0 0 0 1 3 9 17 22 19 13 4 0 0 0 0 0 0 0 0
0 0 0 0 0 0 0 0 0 5 13 21 26 25 17 6 1 0 0 0 0 0 0 0
0 0 0 0 0 0 0 0 0 7 26 59 76 72 60 24 4 0 0 0 0 0 0 0
0 0 0 0 0 0 0 0 2 13 35 54 55 48 25 11 1 0 0 0 0 0 0 0
0 0 0 0 0 0 0 0 0 8 28 46 51 50 35 15 2 0 0 0 0 0 0 0
0 0 0 0 0 0 0 0 0 9 30 50 60 51 30 13 2 0 0 0 0 0 0 0
0 0 0 0 0 0 0 0 1 8 19 30 33 30 18 6 1 0 0 0 0 0 0 0
0 0 0 0 0 0 0 0 0 4 10 15 18 15 12 5 1 0 0 0 0 0 0 0
0 0 0 0 0 0 0 0 1 6 19 32 34 30 24 13 3 0 0 0 0 0 0 0
0 0 0 0 0 0 0 0 4 25 57 84 88 67 49 28 6 0 0 0 0 0 0 0
0 0 0 0 0 0 0 0 5 42 102 145 162 162 130 72 15 0 0 0 0 0 0 0
0 0 0 0 0 0 0 0 5 43 106 148 158 148 117 63 13 0 0 0 0 0 0 0
0 0 0 0 0 0 0 0 2 14 37 51 56 52 39 18 3 0 0 0 0 0 0 0
0 0 0 0 0 0 0 0 1 8 22 34 44 46 34 18 6 0 0 0 0 0 0 0
0 0 0 0 0 0 0 0 2 9 24 36 34 36 30 21 4 0 0 0 0 0 0 0
0 0 0 0 0 0 0 0 2 17 46 73 64 53 36 17 3 0 0 0 0 0 0 0
0 0 0 0 0 0 0 0 3 24 59 86 94 78 51 28 6 0 0 0 0 0 0 0
0 0 0 0 0 0 0 0 5 27 54 59 56 48 38 22 5 0 0 0 0 0 0 0
0 0 0 0 0 0 0 0 1 5 12 18 22 21 16 9 2 0 0 0 0 0 0 0
0 0 0 0 0 0 0 0 0 7 20 33 43 31 22 9 2 0 0 0 0 0 0 0
0 0 0 0 0 0 0 0 2 8 17 24 26 25 18 10 2 0 0 0 0 0 0 0
0 0 0 0 0 0 0 0 1 9 26 43 53 46 36 18 4 0 0 0 0 0 0 0
0 0 0 0 0 0 0 0 4 28 70 105 121 114 93 57 15 0 0 0 0 0 0 0
0 0 0 0 0 0 0 0 6 38 97 138 150 144 116 66 19 1 0 0 0 0 0 0
0 0 0 0 0 0 0 0 5 27 78 115 135 142 119 73 22 1 0 0 0 0 0 0
0 0 0 0 0 0 0 0 2 13 32 46 55 56 45 27 7 0 0 0 0 0 0 0
