0 0 0 0 0 0 0 4 26 61 96 122 148 156 148 110 77 48 20 2 0 0 0 0
0 0 0 0 0 0 0 9 54 128 205 263 287 294 280 247 189 116 46 5 0 0 0 0
0 0 0 0 0 0 0 11 56 123 185 228 242 239 218 185 134 78 28 3 0 0 0 0
0 0 0 0 0 0 0 2 14 29 52 74 91 115 124 121 104 72 29 4 0 0 0 0
0 0 0 0 0 0 0 11 54 116 160 182 200 210 194 160 114 65 22 3 0 0 0 0
0 0 0 0 0 0 0 4 20 51 104 146 173 194 210 198 158 99 44 7 0 0 0 0
0 0 0 0 0 0 0 14 67 141 208 250 270 266 247 211 158 96 41 8 0 0 0 0
0 0 0 0 0 0 0 10 49 112 179 230 273 287 279 245 190 118 48 8 0 0 0 0
0 0 0 0 0 0 0 15 68 142 215 271 307 316 302 260 202 128 56 10 0 0 0 0
0 0 0 0 0 0 0 18 74 150 223 276 304 310 294 256 199 126 54 9 0 0 0 0
0 0 0 0 0 0 0 18 71 139 196 240 270 278 264 226 175 112 47 9 0 0 0 0
0 0 0 0 0 0 0 6 23 42 80 111 138 157 158 138 106 73 35 7 0 0 0 0
0 0 0 0 0 0 0 10 44 84 118 138 159 166 147 130 101 65 30 7 0 0 0 0
0 0 0 0 0 0 1 19 70 133 186 215 219 206 198 165 128 85 43 9 0 0 0 0
0 0 0 0 0 0 1 24 83 154 204 204 189 165 152 136 106 75 38 10 0 0 0 0
0 0 0 0 0 0 1 24 86 162 218 225 189 173 160 146 116 85 40 10 0 0 0 0
0 0 0 0 0 0 1 23 75 140 200 234 238 249 239 216 173 114 52 12 0 0 0 0
0 0 0 0 0 0 2 26 89 168 237 286 308 306 289 251 195 126 58 14 0 0 0 0
0 0 0 0 0 0 2 27 91 169 239 286 311 310 294 256 201 130 60 14 0 0 0 0
0 0 0 0 0 0 2 29 93 169 237 284 306 307 293 256 199 128 60 14 0 0 0 0
0 0 0 0 0 0 2 29 91 166 230 274 295 295 274 240 186 118 55 14 0 0 0 0
0 0 0 0 0 0 2 30 94 169 235 280 302 303 287 250 193 128 60 15 1 0 0 0
0 0 0 0 0 0 3 31 92 168 234 279 301 300 284 245 186 118 56 14 0 0 0 0
0 0 0 0 0 0 3 30 86 152 212 261 288 288 266 214 172 110 50 14 0 0 0 0
0 0 0 0 0 0 3 34 99 169 231 273 282 276 263 229 179 119 59 16 1 0 0 0
0 0 0 0 0 0 4 34 91 157 202 232 226 211 182 160 133 85 43 13 1 0 0 0
