0.0611 0.0627 0.0623 0.0618 0.0603 0.0566 0.054 0.0499 0.0447 0.0365 0.0316 0.034 0.0442 0.0551 0.0639 0.0663 0.0666 0.0613 0.0552 0.047 0.0426 0.0418 0.0412 0.0408
0.0282 0.0259 0.0244 0.024 0.024 0.0236 0.0234 0.0245 0.025 0.0234 0.0194 0.0198 0.0262 0.0344 0.0439 0.0532 0.0603 0.0649 0.0626 0.0595 0.0604 0.0705 0.0852 0.1046
0.1084 0.1243 0.145 0.1706 0.199 0.2292 0.2459 0.2559 0.2798 0.3134 0.3429 0.3642 0.3836 0.4066 0.4303 0.4385 0.4472 0.4367 0.4191 0.3937 0.3696 0.3539 0.3534 0.3731
0.4559 0.4681 0.4663 0.4599 0.4513 0.4364 0.3954 0.3679 0.3546 0.3523 0.3475 0.3461 0.3429 0.3363 0.3272 0.3119 0.2923 0.2668 0.2278 0.1837 0.145 0.1214 0.1082 0.1013
0.0913 0.081 0.0697 0.0629 0.0554 0.0476 0.0391 0.0326 0.0287 0.0266 0.0247 0.0242 0.0244 0.0264 0.0276 0.0283 0.0295 0.0302 0.0302 0.0279 0.0258 0.0256 0.0256 0.0242
0.0239 0.0224 0.0219 0.0213 0.0195 0.0158 0.0127 0.0112 0.0106 0.0095 0.0099 0.0121 0.0142 0.0166 0.0162 0.0159 0.0154 0.0158 0.0172 0.0176 0.0179 0.0183 0.0205 0.0232
0.0216 0.0225 0.0227 0.0226 0.023 0.0216 0.0203 0.0212 0.0198 0.0156 0.013 0.0135 0.0158 0.0168 0.0185 0.0196 0.0207 0.0209 0.0205 0.0206 0.0191 0.0197 0.0219 0.0265
0.0245 0.0263 0.0275 0.0284 0.0282 0.0253 0.0244 0.0238 0.0231 0.0194 0.0188 0.0182 0.0206 0.0231 0.0258 0.0285 0.0296 0.0295 0.0288 0.0285 0.029 0.0308 0.0314 0.0327
0.0241 0.0242 0.0218 0.0195 0.0182 0.016 0.0144 0.0137 0.0153 0.014 0.0143 0.0155 0.0168 0.0191 0.0202 0.0218 0.0224 0.0248 0.0282 0.0307 0.0347 0.0419 0.0529 0.0629
0.0531 0.0557 0.057 0.0574 0.0565 0.0531 0.0487 0.0469 0.0446 0.0336 0.0298 0.0288 0.0318 0.0328 0.0321 0.0288 0.0262 0.0244 0.0234 0.0226 0.0277 0.0347 0.0398 0.0456
0.3229 0.3167 0.3077 0.2985 0.2806 0.2576 0.2188 0.1933 0.1846 0.1928 0.2041 0.2195 0.2302 0.2347 0.2366 0.2273 0.2096 0.1808 0.1476 0.1169 0.0946 0.0837 0.0774 0.078
0.0681 0.0661 0.0599 0.0534 0.0477 0.0389 0.0303 0.0236 0.0177 0.0117 0.0084 0.0074 0.0085 0.009 0.0096 0.0087 0.0076 0.0092 0.0124 0.0161 0.0202 0.0289 0.0356 0.0386
0.057 0.0534 0.0463 0.0396 0.0346 0.0289 0.0241 0.0233 0.0218 0.0164 0.0148 0.0149 0.0176 0.0198 0.0205 0.0201 0.0195 0.0223 0.0298 0.0355 0.0463 0.06 0.0733 0.086
0.1155 0.1113 0.1057 0.0968 0.0911 0.0879 0.0848 0.0795 0.0737 0.0576 0.0516 0.0526 0.0667 0.0813 0.091 0.0952 0.0978 0.1042 0.1134 0.1212 0.1287 0.1435 0.16 0.1763
0.213 0.2026 0.1902 0.1831 0.1763 0.1705 0.1707 0.1708 0.1595 0.1543 0.1607 0.169 0.1857 0.2013 0.2087 0.2117 0.2153 0.217 0.2092 0.2049 0.2049 0.209 0.2103 0.2134
0.211 0.1972 0.186 0.1742 0.1626 0.1491 0.1383 0.1327 0.1206 0.1051 0.1023 0.1048 0.1172 0.129 0.1345 0.1386 0.1359 0.141 0.1477 0.1477 0.1391 0.1341 0.1297 0.125
0.1177 0.1181 0.1096 0.1013 0.0904 0.0789 0.0754 0.0743 0.0699 0.0627 0.0751 0.0949 0.1249 0.1462 0.1651 0.1676 0.1612 0.1577 0.1492 0.1359 0.1227 0.1164 0.1088 0.1058
0.0827 0.0774 0.0742 0.0699 0.0652 0.0603 0.0509 0.047 0.0427 0.0391 0.0432 0.0502 0.0628 0.074 0.0825 0.0891 0.0948 0.1009 0.1074 0.1086 0.1055 0.0984 0.0992 0.1036
0.0822 0.0804 0.0764 0.0746 0.0702 0.0634 0.055 0.0488 0.0415 0.038 0.0362 0.0379 0.0441 0.0511 0.0589 0.0675 0.0726 0.0782 0.0812 0.0842 0.0829 0.0845 0.0861 0.0953
0.1033 0.1059 0.1055 0.107 0.1083 0.0998 0.0872 0.0778 0.072 0.0708 0.0702 0.0771 0.0885 0.1046 0.1178 0.1315 0.1374 0.145 0.1468 0.1466 0.1498 0.1538 0.1586 0.1712
0.1886 0.19 0.1845 0.1845 0.1789 0.1685 0.1449 0.1283 0.1235 0.1297 0.14 0.1573 0.1854 0.2193 0.2528 0.2769 0.2908 0.2992 0.2959 0.2884 0.2707 0.2609 0.2633 0.2753
0.0654 0.0633 0.0626 0.059 0.0565 0.0551 0.0533 0.0514 0.0526 0.0528 0.049 0.0522 0.0572 0.0682 0.078 0.0862 0.0909 0.0915 0.082 0.0766 0.0763 0.0856 0.087 0.0858
0.3291 0.3155 0.3048 0.2951 0.2885 0.2855 0.2841 0.272 0.2778 0.2888 0.3232 0.3478 0.3789 0.4108 0.4399 0.4488 0.4578 0.448 0.4317 0.4142 0.3668 0.3452 0.3294 0.323
0.1177 0.1126 0.1037 0.0907 0.0809 0.0718 0.0695 0.0657 0.0558 0.039 0.0287 0.0291 0.0323 0.0359 0.0387 0.0426 0.0454 0.0502 0.0536 0.0589 0.0654 0.0753 0.0834 0.0914
0.0661 0.0786 0.0887 0.0952 0.0987 0.0901 0.0729 0.06 0.0528 0.0497 0.0485 0.0506 0.0559 0.0613 0.0686 0.0756 0.0778 0.0775 0.067 0.057 0.0502 0.0482 0.0501 0.0559
0.0775 0.0828 0.0852 0.088 0.0925 0.0915 0.0894 0.09 0.0944 0.101 0.112 0.1286 0.1483 0.1661 0.1792 0.1936 0.202 0.1997 0.1798 0.1583 0.1471 0.1471 0.1537 0.1684
0.1672 0.178 0.1825 0.1812 0.1778 0.1686 0.155 0.1466 0.1451 0.1517 0.1633 0.1766 0.1916 0.2044 0.2145 0.2177 0.2113 0.1953 0.1722 0.148 0.1337 0.1331 0.1438 0.1652
0.2211 0.2365 0.2442 0.252 0.2528 0.2507 0.2374 0.2279 0.2275 0.2404 0.2574 0.2691 0.2818 0.2965 0.3209 0.34 0.3431 0.3378 0.3217 0.2937 0.2686 0.2553 0.2488 0.2664
0.2741 0.2658 0.2596 0.2553 0.2494 0.2399 0.2199 0.2064 0.2063 0.2135 0.2306 0.2546 0.2758 0.2992 0.3293 0.348 0.36 0.3545 0.3352 0.3166 0.3025 0.3042 0.3169 0.3281
0.4017 0.3896 0.3704 0.3446 0.3176 0.286 0.2529 0.2215 0.1882 0.1574 0.1385 0.1272 0.1213 0.1248 0.129 0.1351 0.136 0.1326 0.1147 0.0942 0.0795 0.0697 0.0635 0.0597
