0 0 0 0 0 0.0002 0.0039 0.0414 0.1138 0.1933 0.2634 0.3192 0.3587 0.3737 0.3576 0.3096 0.2357 0.1453 0.069 0.0213 0.0004 0 0 0
0 0 0 0 0 0.0002 0.0034 0.0252 0.0728 0.1318 0.1862 0.2285 0.2531 0.2536 0.236 0.2021 0.1516 0.0952 0.0457 0.0126 0.0009 0 0 0
0 0 0 0 0 0.0001 0.0013 0.0081 0.0253 0.051 0.0824 0.1178 0.1558 0.1792 0.193 0.1817 0.1433 0.0933 0.0461 0.0129 0.0009 0 0 0
0 0 0 0 0 0.0001 0.0024 0.0262 0.069 0.1157 0.1553 0.1831 0.1968 0.1956 0.181 0.153 0.1162 0.0759 0.0392 0.014 0.0002 0 0 0
0 0 0 0 0 0.0001 0.0029 0.022 0.0618 0.1092 0.1451 0.1639 0.1694 0.1672 0.1556 0.1366 0.106 0.0688 0.0339 0.0097 0.0006 0 0 0
0 0 0 0 0 0.0002 0.0037 0.0268 0.072 0.1224 0.1583 0.1722 0.1726 0.166 0.1524 0.1348 0.1083 0.0738 0.0383 0.0122 0.0011 0 0 0
0 0 0 0 0 0.0001 0.0043 0.0436 0.1082 0.1673 0.1999 0.2043 0.1989 0.1897 0.1771 0.157 0.1198 0.0792 0.0426 0.0165 0.0003 0 0 0
0 0 0 0 0 0.0001 0.0052 0.0436 0.1138 0.1869 0.2432 0.2725 0.2807 0.2894 0.2823 0.2544 0.1981 0.1295 0.0629 0.0192 0.0017 0 0 0
0 0 0 0 0 0.0001 0.0039 0.0348 0.0885 0.147 0.1932 0.2226 0.2359 0.235 0.2206 0.1916 0.1477 0.0959 0.0486 0.0173 0.0005 0 0 0
0 0 0 0 0 0.0002 0.0049 0.0362 0.0907 0.1529 0.2071 0.2419 0.2608 0.26 0.246 0.217 0.1705 0.1114 0.0545 0.0167 0.0019 0 0 0
0 0 0 0 0 0 0.0003 0.0034 0.0142 0.0336 0.0565 0.0781 0.0968 0.1124 0.1187 0.108 0.082 0.0507 0.0221 0.004 0.0001 0 0 0
0 0 0 0 0 0.0002 0.0051 0.0359 0.0888 0.1495 0.2018 0.239 0.2584 0.2601 0.2479 0.2187 0.1707 0.1119 0.0559 0.0178 0.0018 0 0 0
0 0 0 0 0 0.0002 0.0058 0.0391 0.0929 0.1554 0.2099 0.2493 0.2682 0.265 0.2429 0.2099 0.1611 0.1055 0.0538 0.0179 0.0019 0 0 0
0 0 0 0 0 0.0004 0.0091 0.0586 0.1429 0.2339 0.3068 0.3609 0.3992 0.4052 0.385 0.3367 0.2594 0.1662 0.0821 0.0269 0.0029 0 0 0
0 0 0 0 0 0.0004 0.0097 0.0639 0.1485 0.2432 0.3311 0.392 0.4292 0.4307 0.3927 0.3311 0.253 0.1643 0.0802 0.0263 0.0027 0 0 0
0 0 0 0 0 0.0005 0.0095 0.0575 0.1368 0.2301 0.3177 0.3822 0.4172 0.4097 0.3822 0.3305 0.2488 0.1629 0.0832 0.0275 0.0032 0 0 0
0 0 0 0 0 0.0007 0.0127 0.0756 0.1756 0.2796 0.3739 0.4316 0.4811 0.4806 0.4574 0.3918 0.2957 0.1917 0.0966 0.033 0.0035 0 0 0
0 0 0 0 0 0.0007 0.0087 0.0444 0.0974 0.1535 0.1956 0.2173 0.2258 0.2275 0.2153 0.1868 0.1461 0.0989 0.0535 0.0188 0.002 0 0 0
0 0 0 0 0 0.0005 0.0058 0.029 0.0654 0.1064 0.1413 0.1663 0.1821 0.1884 0.1838 0.1642 0.1256 0.0825 0.0445 0.017 0.0007 0 0 0
0 0 0 0 0 0.0007 0.0077 0.036 0.0775 0.1241 0.1635 0.1901 0.2044 0.2059 0.1931 0.1616 0.124 0.081 0.0447 0.0172 0.002 0 0 0
0 0 0 0 0 0.0007 0.009 0.0427 0.0944 0.153 0.2046 0.2399 0.2597 0.2662 0.2496 0.2234 0.1751 0.1164 0.0612 0.0217 0.0025 0 0 0
0 0 0 0 0 0 0.0013 0.0159 0.0679 0.1367 0.2048 0.2612 0.2955 0.3074 0.2982 0.2571 0.1919 0.1193 0.0514 0.0097 0.0003 0 0 0
0 0 0 0 0 0.0012 0.016 0.078 0.1725 0.2667 0.3465 0.3869 0.4052 0.3953 0.3666 0.3063 0.2388 0.1553 0.0838 0.0312 0.004 0.0002 0 0
0 0 0 0 0 0 0.0017 0.0209 0.0771 0.1461 0.2074 0.256 0.2796 0.2842 0.258 0.2093 0.1438 0.0768 0.0298 0.0052 0.0001 0 0 0
0 0 0 0 0 0 0.0005 0.0059 0.0245 0.0499 0.0763 0.1016 0.1229 0.1336 0.1305 0.1152 0.0892 0.0573 0.0266 0.0057 0.0001 0 0 0
0 0 0 0 0 0 0.0013 0.0148 0.0544 0.1057 0.1522 0.1894 0.2106 0.2151 0.198 0.1676 0.1253 0.0767 0.0334 0.0066 0.0002 0 0 0
0 0 0 0 0 0 0.0011 0.0096 0.0364 0.0774 0.1239 0.1655 0.1959 0.205 0.1968 0.1713 0.1295 0.0822 0.0391 0.0094 0.0005 0 0 0
0 0 0 0 0 0 0.002 0.0198 0.0666 0.1243 0.1781 0.2173 0.2398 0.2425 0.2271 0.1959 0.1459 0.0903 0.0409 0.0092 0.0005 0 0 0
0 0 0 0 0 0.0001 0.0019 0.0177 0.0622 0.1203 0.1782 0.226 0.2567 0.2711 0.275 0.2471 0.194 0.1234 0.0573 0.0139 0.0009 0 0 0
0 0 0 0 0 0.0001 0.0028 0.0351 0.0994 0.1673 0.2354 0.2936 0.3299 0.3503 0.3404 0.2969 0.2272 0.1453 0.0682 0.021 0.0003 0 0 0
