0.0751 0.0718 0.0687 0.0612 0.0567 0.0514 0.0542 0.0481 0.0287 0.014 0.0144 0.0262 0.04 0.0516 0.062 0.0727 0.0747 0.0641 0.0467 0.0312 0.0293 0.0329 0.0315 0.0299
0.0289 0.0269 0.0238 0.0228 0.0221 0.0191 0.0177 0.0185 0.02 0.0151 0.0113 0.0153 0.0208 0.0259 0.0358 0.0511 0.0654 0.0666 0.0585 0.0573 0.0641 0.0723 0.0879 0.1072
0.1233 0.1652 0.2253 0.2462 0.2932 0.3116 0.3142 0.3102 0.3271 0.3848 0.4127 0.4263 0.4521 0.4629 0.4748 0.4941 0.5017 0.4985 0.4971 0.4661 0.4109 0.3906 0.4086 0.4387
0.4955 0.5146 0.52 0.5281 0.5226 0.4926 0.4272 0.3787 0.3484 0.346 0.3513 0.3557 0.3451 0.3315 0.3169 0.3049 0.2874 0.2513 0.2055 0.1598 0.1265 0.1107 0.0974 0.1003
0.0939 0.0854 0.0701 0.0601 0.0547 0.0435 0.0328 0.0232 0.0151 0.0127 0.0131 0.0166 0.0201 0.0226 0.0244 0.025 0.0231 0.0227 0.0223 0.0166 0.0153 0.0173 0.015 0.0163
0.0167 0.016 0.016 0.0164 0.0181 0.0166 0.0159 0.0134 0.0092 0.0069 0.0082 0.01 0.0119 0.0121 0.0135 0.0145 0.0132 0.0112 0.0104 0.0099 0.0128 0.0144 0.0166 0.0203
0.0246 0.0289 0.0282 0.0269 0.027 0.0297 0.0313 0.0284 0.0229 0.0116 0.0104 0.0159 0.0203 0.0214 0.0212 0.0204 0.0183 0.0158 0.0118 0.0124 0.0143 0.0156 0.0185 0.0206
0.0195 0.0204 0.0193 0.0206 0.023 0.0246 0.0261 0.0243 0.0198 0.0159 0.0176 0.0201 0.0245 0.0282 0.0306 0.0302 0.0291 0.0254 0.0223 0.0177 0.0218 0.0301 0.0351 0.0382
0.0391 0.0384 0.0408 0.0362 0.0288 0.0236 0.0228 0.0212 0.015 0.0073 0.0078 0.0153 0.0194 0.0192 0.0182 0.0184 0.0198 0.023 0.0263 0.0252 0.0378 0.0571 0.0688 0.0829
0.0857 0.0845 0.0791 0.0741 0.0707 0.065 0.0636 0.0586 0.0373 0.0176 0.0189 0.0299 0.0415 0.0373 0.0295 0.0282 0.0273 0.0293 0.0302 0.0306 0.0424 0.0615 0.0696 0.0798
0.379 0.3813 0.3791 0.3757 0.3585 0.3177 0.2619 0.2269 0.2014 0.2082 0.228 0.2346 0.2319 0.2189 0.214 0.1879 0.1591 0.1158 0.0874 0.0679 0.0575 0.0626 0.0689 0.0695
0.0793 0.0748 0.0698 0.0583 0.0489 0.0411 0.0347 0.0278 0.014 0.0057 0.005 0.0077 0.0092 0.0078 0.0074 0.0083 0.009 0.0101 0.0133 0.0177 0.0306 0.045 0.0564 0.0626
0.062 0.0533 0.0407 0.0333 0.025 0.0186 0.0162 0.0174 0.0163 0.0091 0.0093 0.0206 0.0276 0.0263 0.0214 0.0191 0.0207 0.0239 0.0289 0.04 0.0653 0.0964 0.1179 0.1392
0.1502 0.1388 0.1216 0.1097 0.1077 0.1014 0.1014 0.0937 0.0609 0.0326 0.0358 0.0642 0.0989 0.0944 0.0801 0.0778 0.0861 0.0984 0.1156 0.1238 0.1495 0.1988 0.2338 0.2364
0.225 0.2243 0.2075 0.1865 0.1866 0.183 0.1833 0.1696 0.1261 0.1008 0.1145 0.1538 0.1859 0.1921 0.1798 0.1733 0.1855 0.1958 0.196 0.1828 0.2005 0.2258 0.2402 0.2463
0.2295 0.2136 0.2075 0.2004 0.1936 0.1812 0.1668 0.1412 0.0835 0.055 0.0611 0.1035 0.1175 0.0984 0.0913 0.095 0.0998 0.114 0.1271 0.1284 0.1409 0.1606 0.1798 0.1676
0.1577 0.1362 0.1209 0.1086 0.1045 0.1013 0.1026 0.0901 0.0511 0.0339 0.0434 0.0685 0.092 0.1116 0.1281 0.1307 0.1249 0.1193 0.1059 0.0826 0.0754 0.085 0.0989 0.1047
0.0993 0.0901 0.0776 0.066 0.0607 0.0571 0.0524 0.0444 0.0259 0.0185 0.0271 0.0367 0.0437 0.0514 0.0619 0.0778 0.0946 0.1096 0.1161 0.1003 0.0819 0.0748 0.0672 0.0661
0.0649 0.0636 0.0605 0.0616 0.063 0.0578 0.0466 0.0344 0.0266 0.0233 0.0244 0.0222 0.0252 0.0291 0.0351 0.0413 0.0464 0.0543 0.0535 0.0586 0.0665 0.0685 0.0803 0.0983
0.1107 0.1159 0.0923 0.0854 0.087 0.0833 0.0774 0.0701 0.0618 0.0507 0.045 0.0455 0.0536 0.0646 0.0733 0.097 0.114 0.129 0.1273 0.1262 0.1276 0.1368 0.1299 0.1353
0.1516 0.1705 0.1743 0.1762 0.1719 0.1642 0.1545 0.133 0.1134 0.104 0.1087 0.1303 0.1754 0.2429 0.3011 0.3398 0.3754 0.3853 0.3829 0.3499 0.3393 0.3404 0.3306 0.3043
0.0721 0.0728 0.0714 0.0695 0.0701 0.0623 0.0598 0.0666 0.0623 0.0439 0.037 0.0429 0.0545 0.073 0.0903 0.1101 0.1316 0.1275 0.1028 0.0955 0.1193 0.1548 0.1812 0.191
0.1862 0.1746 0.1534 0.1419 0.1311 0.1155 0.1001 0.0846 0.0615 0.0329 0.0225 0.0213 0.0198 0.0249 0.0286 0.0227 0.0235 0.0263 0.0293 0.0301 0.0406 0.0518 0.0591 0.05
0.0507 0.0503 0.0508 0.0569 0.0609 0.0628 0.0709 0.0717 0.0693 0.0673 0.0716 0.0716 0.0757 0.0893 0.0921 0.0999 0.1147 0.1088 0.0923 0.07 0.0563 0.0623 0.064 0.079
0.1065 0.1136 0.119 0.1189 0.1277 0.1279 0.118 0.1161 0.1129 0.1192 0.1377 0.1651 0.1976 0.23 0.2515 0.2581 0.2558 0.2311 0.1888 0.1671 0.1657 0.158 0.16 0.1798
0.2122 0.215 0.2122 0.2168 0.2139 0.1945 0.169 0.1528 0.1481 0.1446 0.1502 0.1601 0.1712 0.1791 0.1867 0.1933 0.1907 0.1702 0.1357 0.111 0.1079 0.1211 0.1466 0.1877
0.2093 0.2277 0.2559 0.2739 0.2814 0.2723 0.249 0.2408 0.2449 0.2589 0.2973 0.3398 0.3572 0.3654 0.3852 0.3905 0.3894 0.3838 0.3642 0.3211 0.2909 0.2789 0.2868 0.3032
0.3074 0.2996 0.3056 0.2984 0.2958 0.2664 0.2343 0.2127 0.2041 0.2148 0.2494 0.3015 0.3622 0.4134 0.4676 0.5001 0.5225 0.5161 0.5041 0.4848 0.4698 0.4859 0.4911 0.4778
0.4659 0.4233 0.3753 0.3493 0.3075 0.2658 0.2439 0.213 0.1913 0.1816 0.1512 0.1322 0.1288 0.1465 0.1621 0.1719 0.1689 0.1638 0.1414 0.1034 0.0942 0.0927 0.0869 0.0814
