0 0 0 0 0 0.0003 0.0089 0.0351 0.0698 0.1011 0.1257 0.1441 0.1552 0.1643 0.1606 0.1494 0.1275 0.0974 0.0642 0.0328 0.0091 0.0006 0 0
0 0 0 0 0 0.0003 0.0097 0.0386 0.077 0.1121 0.1395 0.1586 0.1684 0.1664 0.1574 0.1436 0.1223 0.0937 0.0611 0.0309 0.0081 0.0005 0 0
0 0 0 0 0 0.0001 0.0081 0.0319 0.0647 0.0916 0.1097 0.1205 0.1247 0.1262 0.1241 0.1134 0.096 0.073 0.0469 0.0234 0.0066 0.0005 0 0
0 0 0 0 0 0.0002 0.0064 0.0239 0.0483 0.0707 0.0887 0.1021 0.1116 0.1186 0.1204 0.1165 0.1034 0.0805 0.0536 0.0273 0.0075 0.0005 0 0
0 0 0 0 0 0.0003 0.0074 0.0283 0.0581 0.0881 0.1104 0.1252 0.1337 0.1367 0.1329 0.1215 0.103 0.077 0.0493 0.0253 0.0073 0.0005 0 0
0 0 0 0 0 0.0002 0.0061 0.024 0.049 0.0738 0.0955 0.1118 0.1244 0.1297 0.1302 0.1222 0.1032 0.0769 0.0492 0.0255 0.0071 0.0005 0 0
0 0 0 0 0 0.0002 0.0075 0.0313 0.0657 0.0954 0.1171 0.1299 0.1383 0.1436 0.1429 0.1341 0.1143 0.0868 0.0556 0.0277 0.0073 0.0004 0 0
0 0 0 0 0 0.0001 0.0062 0.0267 0.0566 0.086 0.1069 0.1225 0.1291 0.132 0.1277 0.1169 0.0965 0.0711 0.0451 0.0227 0.0064 0.0007 0 0
0 0 0 0 0 0.0015 0.0088 0.0393 0.0823 0.1229 0.1554 0.1783 0.1928 0.1984 0.195 0.1806 0.154 0.1171 0.0751 0.0365 0.0092 0.0005 0 0
0 0 0 0 0 0.0014 0.0082 0.0331 0.0677 0.0995 0.1252 0.144 0.1567 0.1618 0.1622 0.1521 0.1296 0.099 0.0638 0.0312 0.0077 0.0004 0 0
0 0 0 0 0 0.0008 0.0098 0.035 0.0637 0.0928 0.1143 0.126 0.1337 0.1396 0.1369 0.1288 0.1108 0.0857 0.0566 0.0293 0.0084 0.0006 0 0
0 0 0 0 0 0.0019 0.0076 0.0314 0.0648 0.0962 0.1209 0.1378 0.1497 0.1548 0.1523 0.1433 0.1231 0.0931 0.0597 0.029 0.0068 0.0004 0 0
0 0 0 0 0 0.0014 0.0066 0.0286 0.0604 0.0903 0.1133 0.1262 0.1333 0.1311 0.1243 0.1122 0.0951 0.0701 0.0433 0.0203 0.0044 0.0002 0 0
0 0 0 0 0 0.0001 0.0051 0.0234 0.0487 0.0722 0.0903 0.1015 0.1084 0.1102 0.1074 0.0964 0.0775 0.0551 0.0321 0.0145 0.0036 0.0004 0 0
0 0 0 0 0 0.0005 0.0021 0.0142 0.036 0.0598 0.0814 0.0964 0.1068 0.1095 0.1056 0.0931 0.0725 0.0478 0.0256 0.011 0.0026 0.0003 0 0
0 0 0 0 0 0.0003 0.0037 0.0178 0.0411 0.0678 0.0928 0.1136 0.1278 0.1366 0.1371 0.1308 0.1142 0.0883 0.0563 0.0285 0.0074 0.0006 0 0
0 0 0 0 0 0.0006 0.0061 0.0312 0.0695 0.1083 0.1361 0.1544 0.1643 0.1698 0.1654 0.1519 0.1243 0.0895 0.0535 0.0244 0.0059 0.0005 0 0
0 0 0 0 0 0.0002 0.0035 0.0148 0.0329 0.0547 0.0727 0.0873 0.0984 0.1039 0.1037 0.0958 0.0801 0.0597 0.0381 0.0188 0.0043 0.0002 0 0
0 0 0 0 0 0.0001 0.0031 0.0146 0.0321 0.0517 0.0685 0.0841 0.0964 0.1026 0.1019 0.0941 0.0789 0.0596 0.0382 0.0188 0.0041 0.0001 0 0
0 0 0 0 0 0.0001 0.0046 0.0167 0.034 0.052 0.0618 0.0636 0.0611 0.0608 0.059 0.0543 0.0483 0.0392 0.0269 0.0136 0.0032 0.0001 0 0
0 0 0 0 0 0 0.0027 0.0171 0.037 0.0575 0.0744 0.0869 0.0957 0.1005 0.1002 0.0935 0.0783 0.0592 0.0384 0.0192 0.0045 0.0002 0 0
0 0 0 0 0 0.0006 0.01 0.0359 0.0653 0.0944 0.118 0.1339 0.1458 0.1513 0.1458 0.1355 0.116 0.0898 0.0592 0.0304 0.0088 0.0006 0 0
0 0 0 0 0 0.0003 0.0048 0.0212 0.0439 0.0654 0.0832 0.0978 0.1081 0.1163 0.1182 0.1109 0.0941 0.0715 0.0467 0.0233 0.0055 0.0003 0 0
0 0 0 0 0 0.0001 0.0056 0.0336 0.0733 0.108 0.1316 0.1453 0.1514 0.1563 0.1535 0.1419 0.1218 0.0934 0.0606 0.0283 0.0064 0.0004 0 0
0 0 0 0 0 0.0008 0.0118 0.0442 0.0804 0.1143 0.1396 0.1542 0.1642 0.17 0.1646 0.1482 0.1225 0.0905 0.0572 0.0288 0.008 0.0006 0 0
0 0 0 0 0 0.0006 0.0112 0.0383 0.0692 0.1 0.1232 0.1353 0.1438 0.1515 0.1461 0.1332 0.114 0.0879 0.0572 0.0298 0.0085 0.0006 0 0
0 0 0 0 0 0.0005 0.0091 0.0312 0.0571 0.0851 0.1063 0.1215 0.1329 0.1396 0.1385 0.1313 0.1121 0.0836 0.0537 0.027 0.0079 0.0006 0 0
0 0 0 0 0 0.0005 0.0086 0.0289 0.0524 0.0767 0.0975 0.1155 0.1302 0.1373 0.1362 0.1263 0.1064 0.08 0.0513 0.0263 0.0078 0.0006 0 0
0 0 0 0 0 0.0007 0.0097 0.0349 0.069 0.1007 0.1244 0.1413 0.1523 0.1573 0.1576 0.1484 0.127 0.0981 0.0636 0.0315 0.009 0.0006 0 0
0 0 0 0 0 0.0006 0.009 0.0337 0.0669 0.0979 0.1207 0.1366 0.1476 0.1523 0.1511 0.1422 0.1224 0.0939 0.0616 0.031 0.0088 0.0006 0 0
0 0 0 0 0 0.0005 0.0089 0.0334 0.0668 0.0973 0.1197 0.1352 0.1467 0.1504 0.1471 0.1375 0.1167 0.0877 0.0565 0.0277 0.0077 0.0005 0 0
