0 0 0 0 0 0.0009 0.0129 0.0432 0.0836 0.1232 0.1557 0.1776 0.1886 0.1963 0.1896 0.1708 0.1467 0.1087 0.0677 0.0319 0.009 0.0004 0 0
0 0 0 0 0 0.0015 0.0149 0.0462 0.0844 0.1222 0.1568 0.1817 0.1953 0.2049 0.1927 0.181 0.1542 0.1074 0.0566 0.0255 0.009 0.0005 0 0
0 0 0 0 0 0.0009 0.0106 0.0381 0.0723 0.1047 0.1339 0.1524 0.1603 0.1591 0.1514 0.1355 0.1068 0.0679 0.0381 0.0151 0.0038 0.0003 0 0
0 0 0 0 0 0.0005 0.0104 0.0357 0.0622 0.0875 0.1028 0.1217 0.1355 0.146 0.1458 0.1342 0.1129 0.0832 0.0567 0.0281 0.0097 0.0003 0 0
0 0 0 0 0 0.0007 0.0097 0.035 0.0683 0.1056 0.1381 0.159 0.1647 0.169 0.1625 0.1493 0.126 0.0935 0.0564 0.024 0.0062 0.0002 0 0
0 0 0 0 0 0.0005 0.0043 0.0164 0.0388 0.0707 0.0934 0.1051 0.1115 0.119 0.1303 0.1193 0.1204 0.0923 0.0583 0.0286 0.0082 0.0003 0 0
0 0 0 0 0 0.0006 0.0106 0.0378 0.075 0.1125 0.1432 0.1663 0.1774 0.1823 0.174 0.1548 0.1304 0.0971 0.0594 0.0293 0.0082 0.0002 0 0
0 0 0 0 0 0.0005 0.0046 0.021 0.0481 0.0799 0.097 0.1065 0.1084 0.1127 0.1009 0.0889 0.079 0.0566 0.0317 0.0138 0.0039 0.0002 0 0
0 0 0 0 0 0.0003 0.0078 0.0319 0.0633 0.0975 0.1306 0.1563 0.1694 0.1867 0.1701 0.1603 0.1354 0.1151 0.0743 0.0337 0.007 0.0003 0 0
0 0 0 0 0 0.0007 0.0119 0.0423 0.0838 0.1258 0.1581 0.1737 0.1827 0.1873 0.1816 0.1708 0.1481 0.1065 0.0672 0.0322 0.0089 0.0002 0 0
0 0 0 0 0 0.0006 0.0119 0.0411 0.0809 0.1197 0.1486 0.1699 0.1772 0.1779 0.1712 0.1578 0.1355 0.101 0.062 0.0294 0.008 0.0001 0 0
0 0 0 0 0 0.0003 0.0078 0.0308 0.0629 0.1034 0.1368 0.1596 0.1678 0.1653 0.1553 0.1396 0.1182 0.0808 0.0473 0.0156 0.0048 0.0001 0 0
0 0 0 0 0 0.0003 0.0061 0.0217 0.0509 0.0788 0.1027 0.1133 0.1135 0.1135 0.1001 0.0898 0.0748 0.0452 0.0206 0.007 0.0016 0.0001 0 0
0 0 0 0 0 0 0.0021 0.0102 0.0231 0.033 0.0441 0.0494 0.0506 0.0473 0.0432 0.0366 0.0286 0.0207 0.0125 0.0057 0.0017 0.0001 0 0
0 0 0 0 0 0.0002 0.0014 0.0067 0.0193 0.0356 0.0506 0.0617 0.0774 0.0873 0.0955 0.0985 0.0856 0.0632 0.041 0.0217 0.0057 0.0001 0 0
0 0 0 0 0 0.0004 0.0088 0.0396 0.0908 0.147 0.1787 0.1973 0.2159 0.2135 0.1936 0.1701 0.1485 0.1016 0.0556 0.022 0.0049 0.0001 0 0
0 0 0 0 0 0.0002 0.0039 0.0184 0.0399 0.0599 0.0768 0.0784 0.0818 0.0916 0.0885 0.0911 0.0742 0.0444 0.025 0.0115 0.0026 0 0 0
0 0 0 0 0 0 0.0025 0.0134 0.0294 0.0521 0.0757 0.0862 0.0978 0.1049 0.0964 0.0879 0.081 0.069 0.0401 0.0168 0.0034 0 0 0
0 0 0 0 0 0 0.0038 0.0203 0.0448 0.0697 0.0848 0.0808 0.0668 0.057 0.0571 0.0536 0.0513 0.0454 0.0307 0.014 0.0027 0.0001 0 0
0 0 0 0 0 0.0001 0.0034 0.0155 0.0309 0.0468 0.0671 0.0696 0.0802 0.0912 0.0948 0.0834 0.0685 0.0579 0.0421 0.0189 0.0036 0.0001 0 0
0 0 0 0 0 0.0009 0.0121 0.0382 0.0725 0.1048 0.1345 0.15 0.1632 0.168 0.1585 0.1448 0.1195 0.0902 0.0554 0.0291 0.0079 0.0005 0 0
0 0 0 0 0 0.0001 0.0026 0.013 0.0324 0.058 0.0851 0.101 0.11 0.1151 0.123 0.1204 0.0983 0.0655 0.0395 0.0181 0.0043 0.0001 0 0
0 0 0 0 0 0.0002 0.0057 0.0297 0.0715 0.1211 0.1748 0.2064 0.2257 0.2213 0.211 0.1873 0.1505 0.1126 0.065 0.0261 0.0051 0 0 0
0 0 0 0 0 0.0012 0.0128 0.0364 0.0645 0.0926 0.1158 0.1333 0.1484 0.1588 0.1452 0.1298 0.1069 0.0834 0.0553 0.0266 0.0073 0.0004 0 0
0 0 0 0 0 0.0005 0.0086 0.0291 0.0612 0.0932 0.1211 0.1366 0.1468 0.1551 0.1477 0.1312 0.1089 0.0823 0.0519 0.0233 0.0075 0.0004 0 0
0 0 0 0 0 0.0009 0.0078 0.026 0.0586 0.0872 0.1145 0.1263 0.1376 0.1488 0.1482 0.1324 0.1166 0.09 0.0588 0.0295 0.0086 0.0005 0 0
0 0 0 0 0 0.0011 0.0141 0.0423 0.081 0.1222 0.1502 0.1652 0.1701 0.1783 0.1753 0.1595 0.1374 0.1034 0.065 0.0331 0.011 0.0005 0 0
0 0 0 0 0 0.0008 0.0144 0.0442 0.081 0.1191 0.145 0.1668 0.1757 0.1774 0.1721 0.1573 0.1347 0.1011 0.0631 0.0307 0.0105 0.0004 0 0
0 0 0 0 0 0.0008 0.0141 0.0418 0.0775 0.113 0.1412 0.1592 0.1681 0.1635 0.1515 0.1403 0.1186 0.0832 0.0525 0.0257 0.0078 0.0004 0 0
