0.0714 0.0754 0.068 0.0596 0.0476 0.0377 0.0295 0.0212 0.0099 0.0055 0.005 0.0049 0.0049 0.0052 0.0054 0.006 0.0067 0.0082 0.0109 0.0145 0.026 0.0446 0.0718 0.1037
0.1294 0.1442 0.1629 0.1618 0.1466 0.1328 0.104 0.0766 0.0367 0.0165 0.0137 0.0168 0.018 0.0201 0.0241 0.0265 0.0242 0.0233 0.0179 0.0173 0.0281 0.0346 0.0389 0.0447
0.0473 0.0521 0.0534 0.0493 0.045 0.0401 0.0361 0.0265 0.0267 0.0367 0.0373 0.0425 0.053 0.0659 0.0847 0.0712 0.0802 0.0807 0.0666 0.0626 0.065 0.075 0.0848 0.0889
0.1143 0.1028 0.1055 0.0876 0.0686 0.0546 0.0428 0.0342 0.0308 0.0316 0.0333 0.032 0.0284 0.026 0.0248 0.0218 0.0188 0.0162 0.0121 0.0093 0.008 0.0132 0.0231 0.0349
0.0448 0.0537 0.0573 0.0615 0.0694 0.0734 0.0619 0.0383 0.0204 0.0207 0.024 0.0302 0.0322 0.035 0.0399 0.0511 0.0723 0.0947 0.1096 0.1048 0.122 0.1476 0.1653 0.1975
0.1996 0.1749 0.1509 0.1407 0.1364 0.1422 0.1435 0.1406 0.1557 0.1854 0.1918 0.1969 0.1954 0.1892 0.1772 0.1696 0.1643 0.1388 0.1083 0.0759 0.0427 0.0237 0.0189 0.0186
0.0199 0.0283 0.0405 0.0554 0.0687 0.0774 0.078 0.0678 0.0516 0.0609 0.0946 0.1238 0.1181 0.1067 0.1019 0.0857 0.0708 0.0549 0.036 0.0227 0.0161 0.0231 0.0348 0.0462
0.0531 0.0682 0.0578 0.0643 0.0715 0.0617 0.047 0.0406 0.0347 0.0317 0.0278 0.0396 0.0543 0.0836 0.0898 0.0954 0.1199 0.1093 0.1118 0.1047 0.0898 0.0733 0.0665 0.0777
0.0806 0.0829 0.0841 0.087 0.0891 0.0836 0.0747 0.0544 0.046 0.0409 0.0417 0.0415 0.0412 0.0393 0.0363 0.0313 0.0268 0.0237 0.0197 0.0127 0.0093 0.01 0.0126 0.0171
0.0205 0.0233 0.0289 0.0298 0.0318 0.0318 0.0275 0.0195 0.0105 0.0086 0.0088 0.0081 0.0078 0.0074 0.007 0.0063 0.0058 0.007 0.0073 0.009 0.0121 0.0271 0.0432 0.0599
0.0715 0.0761 0.0837 0.0847 0.0775 0.068 0.0582 0.0385 0.0152 0.0103 0.0173 0.0261 0.0307 0.0319 0.0338 0.0344 0.0358 0.0391 0.0422 0.048 0.0501 0.0645 0.0967 0.1117
0.1131 0.11 0.1009 0.0892 0.0853 0.0777 0.0662 0.0451 0.0249 0.0185 0.0237 0.0277 0.0348 0.0401 0.0386 0.0427 0.0459 0.0483 0.0472 0.0409 0.0411 0.0349 0.0392 0.0431
0.0571 0.0639 0.0688 0.0704 0.0643 0.0653 0.0582 0.0417 0.0324 0.03 0.0248 0.0251 0.0243 0.0237 0.0226 0.0226 0.023 0.0259 0.0305 0.0242 0.027 0.0196 0.0155 0.0155
0.0112 0.0148 0.0205 0.0188 0.02 0.0201 0.0152 0.0133 0.013 0.0089 0.0054 0.0057 0.0073 0.0102 0.0132 0.0202 0.0267 0.0231 0.029 0.0341 0.0338 0.0388 0.045 0.0538
0.0653 0.0809 0.0895 0.0989 0.1162 0.1264 0.1343 0.1407 0.1683 0.2041 0.227 0.2526 0.2708 0.2993 0.3296 0.3533 0.3629 0.3406 0.3086 0.2713 0.2316 0.1908 0.1736 0.1905
0.2014 0.1998 0.1906 0.1867 0.1735 0.1595 0.1442 0.1382 0.1443 0.1457 0.1384 0.1343 0.1349 0.1393 0.1412 0.1352 0.1445 0.1273 0.0984 0.0711 0.045 0.0376 0.0312 0.0305
0.0319 0.0293 0.0249 0.0213 0.0225 0.0196 0.0167 0.0117 0.0069 0.0057 0.0061 0.0096 0.0138 0.0175 0.0195 0.0198 0.018 0.0208 0.0227 0.0167 0.0167 0.0181 0.021 0.0266
0.0259 0.0234 0.0222 0.0209 0.0154 0.0136 0.011 0.0077 0.0052 0.0055 0.0057 0.0061 0.0063 0.0084 0.0102 0.0146 0.0194 0.0238 0.0222 0.024 0.0207 0.0174 0.0217 0.0287
0.0357 0.041 0.0483 0.0555 0.0575 0.0515 0.0474 0.0414 0.0319 0.0297 0.0387 0.0513 0.0576 0.0618 0.0784 0.0903 0.1063 0.117 0.1112 0.0984 0.0673 0.0522 0.0473 0.0582
0.0621 0.0633 0.0638 0.0661 0.0654 0.066 0.0605 0.0443 0.0426 0.0582 0.0713 0.0765 0.0823 0.0948 0.0987 0.1229 0.1357 0.1327 0.1271 0.1077 0.093 0.0873 0.0876 0.0893
0.0519 0.0573 0.0599 0.0625 0.0657 0.0672 0.0629 0.0442 0.021 0.013 0.0129 0.0153 0.0203 0.0205 0.0171 0.0142 0.0119 0.0109 0.0111 0.0173 0.0247 0.0455 0.0603 0.073
0.1003 0.1039 0.1079 0.1037 0.1018 0.0927 0.0806 0.065 0.0589 0.0752 0.0845 0.092 0.0931 0.101 0.1036 0.1029 0.1026 0.0794 0.0635 0.0499 0.0248 0.0172 0.0161 0.0211
0.0351 0.057 0.0843 0.1002 0.102 0.1015 0.1014 0.0859 0.0641 0.0631 0.0798 0.1114 0.1373 0.144 0.1395 0.1253 0.1041 0.0848 0.0657 0.0508 0.0428 0.049 0.0666 0.077
0.079 0.0726 0.0712 0.0683 0.0644 0.0643 0.0571 0.0445 0.0362 0.0326 0.0247 0.0202 0.0177 0.0198 0.0227 0.0252 0.0279 0.0312 0.0301 0.0275 0.025 0.026 0.0315 0.0301
0.0367 0.0387 0.0454 0.0446 0.0455 0.0427 0.029 0.0183 0.0123 0.011 0.0137 0.0157 0.019 0.0262 0.036 0.0497 0.0607 0.058 0.0635 0.0584 0.0594 0.0572 0.0537 0.0615
0.0698 0.0673 0.0692 0.0717 0.0736 0.0872 0.0793 0.0633 0.0655 0.0841 0.0977 0.0983 0.1008 0.1107 0.1168 0.1224 0.1271 0.1186 0.1052 0.0832 0.0577 0.0474 0.0534 0.0542
0.0557 0.0532 0.0472 0.0425 0.0374 0.0318 0.0233 0.0125 0.0105 0.0141 0.0137 0.014 0.0156 0.0143 0.0134 0.0121 0.0108 0.0093 0.0082 0.0064 0.0058 0.0103 0.0128 0.0186
0.0309 0.0431 0.0477 0.0446 0.0456 0.0449 0.038 0.0282 0.0129 0.0092 0.0103 0.0118 0.0141 0.0144 0.0149 0.0118 0.0091 0.0093 0.0089 0.0092 0.0121 0.0187 0.0302 0.0402
0.0449 0.0455 0.0422 0.0397 0.0351 0.0365 0.0321 0.0214 0.0113 0.0069 0.0067 0.0073 0.0087 0.0118 0.0189 0.0226 0.0226 0.0227 0.0229 0.021 0.0221 0.0341 0.0482 0.0558
