154 141 132 125 121 115 107 93 58 39 43 72 80 65 61 63 67 79 88 89 99 115 126 117
107 87 78 69 67 67 68 61 36 24 31 49 65 76 85 86 85 84 78 64 60 70 80 80
162 156 144 127 127 127 129 121 94 77 87 115 136 138 132 127 134 142 144 136 147 164 170 167
122 110 95 86 84 79 79 75 51 28 31 54 81 77 65 63 69 80 96 104 124 161 179 174
60 50 37 30 23 18 17 20 19 11 11 24 32 31 25 22 24 27 33 45 72 105 121 127
76 70 64 53 46 41 38 32 17 7 6 9 11 9 9 10 10 12 15 21 36 53 64 65
82 79 74 69 67 65 68 66 44 21 23 36 49 44 34 32 31 34 35 35 49 70 78 83
34 32 35 31 26 23 24 25 18 9 9 18 23 22 21 21 23 27 31 30 44 67 79 86
16 16 15 17 19 20 21 20 17 14 15 18 21 24 26 25 24 22 20 16 20 28 33 34
23 25 24 23 24 26 28 26 22 11 10 15 20 21 21 19 17 15 11 12 14 15 17 18
17 16 15 16 18 17 18 16 11 8 10 12 15 15 16 17 16 13 12 12 15 17 19 20
90 79 65 55 51 44 37 28 19 16 16 21 25 28 30 30 28 27 26 20 18 21 17 18
391 395 402 409 405 407 403 386 374 376 381 384 376 362 341 325 305 272 227 181 147 125 106 103
107 135 178 190 222 254 292 318 339 392 418 438 456 460 459 469 471 468 466 442 397 372 379 378
23 22 19 19 19 18 19 22 24 18 13 18 25 31 41 58 73 73 66 65 74 81 94 102
59 54 51 45 41 38 40 35 22 11 12 21 31 39 45 52 54 48 38 27 27 30 28 25
