259 285 304 322 337 342 338 332 324 313 304 294 284 284 269 251 239 226 215 198 190 186 172 174
173 163 164 160 152 144 134 132 126 124 122 112 108 112 108 103 101 101 100 94 88 84 80 75
68 64 56 52 51 49 45 43 42 41 38 36 32 30 30 30 32 37 39 40 44 50 51 50
52 54 48 47 49 49 53 57 60 67 75 81 89 95 96 102 108 124 138 142 147 152 151 139
139 140 140 142 142 143 148 148 146 140 128 121 112 116 122 133 164 189 218 241 250 242 258 278
284 300 305 306 310 306 297 282 263 243 228 211 180 159 152 147 154 171 197 206 224 243 246 252
251 267 266 250 231 183 142 96 71 59 44 46 53 69 80 100 131 151 166 177 176 173 181 167
166 159 177 186 191 192 214 244 285 300 326 329 352 370 393 406 414 428 418 385 349 304 268 223
198 173 170 171 179 185 194 196 203 205 197 186 184 183 171 145 146 149 157 165 160 150 134 122
118 116 106 103 95 87 85 80 74 71 57 45 38 34 31 34 49 66 83 94 101 104 106 106
106 104 108 112 124 126 131 137 142 137 143 138 142 130 120 123 132 140 152 159 172 192 204 224
226 242 248 254 246 264 270 274 264 228 204 215 215 205 176 163 155 154 151 153 154 153 157 166
164 160 145 134 125 113 105 94 92 88 84 83 89 102 110 134 163 186 216 246 258 262 257 255
243 233 222 210 200 195 197 199 191 202 232 252 274 288 273 265 254 253 254 266 284 284 283 289
299 314 310 310 302 287 279 266 251 250 250 262 274 266 237 210 192 205 230 266 291 310 300 288
297 285 270 258 244 236 232 227 216 221 220 220 211 200 186 172 174 195 208 228 237 237 231 220
207 194 180 164 146 126 116 97 86 75 62 44 36 34 33 39 58 87 112 144 170 188 202 218
208 187 171 148 142 142 143 126 106 80 63 49 43 39 32 30 27 27 32 38 40 46 45 55
62 64 68 72 69 68 66 60 53 52 48 47 51 54 51 46 42 41 42 43 43 42 42 35
32 32 34 36 41 42 42 44 46 46 47 46 41 36 38 34 36 34 32 30 28 29 29 28
24 24 25 25 27 32 32 29 28 28 29 26 25 29 31 30 31 29 26 22 23 21 23 23
27 31 33 34 34 33 34 31 30 27 23 22 21 22 22 20 17 14 20 22 24 23 27 30
33 38 48 52 59 60 58 55 50 44 40 36 33 33 29 22 19 19 18 16 16 21 24 29
33 38 40 39 39 41 44 41 36 36 40 48 61 72 83 84 92 97 108 120 134 149 160 174
195 219 243 269 293 286 292 296 273 258 249 246 235 232 226 200 181 157 145 129 107 89 76 68
60 60 59 56 50 52 48 43 40 41 44 47 51 50 52 57 60 62 61 63 62 62 58 54
