324 317 313 303 294 285 267 255 237 240 260 265 259 247 236 212 181 136 103 80 69 73 77 70
67 65 64 61 61 54 53 61 58 42 36 40 50 65 77 92 108 106 90 88 112 142 157 157
148 134 117 108 96 86 75 64 48 27 19 18 17 21 24 19 20 23 27 30 42 51 57 47
44 43 44 50 54 61 80 90 90 88 95 94 99 115 116 124 139 131 112 87 72 77 75 84
100 103 107 108 118 126 132 139 138 144 166 204 240 276 290 288 282 256 215 196 194 179 176 182
192 187 184 187 186 180 178 176 180 177 184 193 205 210 214 216 208 187 154 128 126 139 161 186
194 205 224 239 252 257 258 264 274 283 316 355 368 376 395 403 401 396 378 340 312 289 276 262
245 234 235 228 230 222 220 218 220 232 264 315 364 391 412 434 441 443 441 426 416 412 397 373
332 298 264 245 222 197 185 168 156 151 126 109 108 116 123 129 126 126 111 85 81 80 73 67
59 54 50 45 42 38 40 35 22 11 12 21 31 38 45 52 54 48 38 27 27 30 28 25
23 22 19 19 19 18 19 22 24 18 14 18 24 31 42 58 74 74 66 66 73 81 94 102
107 135 179 190 222 254 292 318 339 392 418 438 456 460 459 468 472 468 466 442 397 372 379 378
391 395 402 410 405 407 403 386 374 376 381 384 376 362 340 325 305 272 227 181 147 125 106 103
90 79 65 55 52 44 37 28 18 16 16 20 25 28 30 30 28 27 26 20 18 20 17 18
17 16 15 16 18 17 18 16 11 8 10 12 15 15 16 18 16 13 12 12 16 17 18 20
23 25 24 23 24 26 28 26 22 11 10 15 20 21 20 19 17 15 11 12 14 15 18 18
16 16 16 17 18 20 21 20 16 14 15 18 21 24 26 24 24 22 20 16 20 28 33 34
34 32 34 31 26 23 24 25 18 9 10 18 23 22 21 21 23 27 31 30 44 67 79 86
82 79 74 69 67 65 68 66 44 21 23 36 49 44 34 32 31 33 34 35 49 70 78 83
76 70 64 53 46 40 38 32 17 7 6 10 11 10 9 10 10 12 16 20 36 53 64 65
60 50 37 30 23 18 18 20 19 11 11 24 32 31 25 22 24 28 33 45 72 105 121 127
122 110 95 86 84 79 79 75 51 28 31 54 81 77 65 63 70 80 96 104 124 160 179 174
161 156 144 128 127 127 130 121 94 77 87 115 136 138 132 127 134 142 144 136 148 164 170 167
154 141 132 125 121 115 107 93 58 40 43 72 80 65 61 62 68 79 88 89 99 115 126 117
108 87 78 69 67 67 68 61 36 24 31 49 65 76 85 86 85 84 78 64 60 71 80 80
73 65 56 49 47 47 50 46 28 21 31 42 50 58 68 85 104 119 126 110 90 83 71 64
