0.1177 0.1168 0.108 0.1063 0.0959 0.0807 0.0701 0.0589 0.0517 0.049 0.0389 0.031 0.0263 0.0237 0.021 0.0232 0.0343 0.0457 0.0574 0.0658 0.0715 0.0775 0.0832 0.0887
0.0933 0.0944 0.0983 0.1035 0.1148 0.1139 0.1056 0.0999 0.1008 0.0966 0.1002 0.0965 0.1004 0.0914 0.0848 0.0863 0.0928 0.0969 0.1039 0.1121 0.1281 0.155 0.1742 0.201
0.2148 0.2418 0.2566 0.2705 0.2629 0.2565 0.2301 0.207 0.1946 0.1674 0.1489 0.1556 0.1552 0.1469 0.1261 0.1176 0.1102 0.1087 0.1076 0.1107 0.1169 0.1247 0.1336 0.1497
0.1578 0.1595 0.1473 0.1376 0.1244 0.1074 0.0909 0.072 0.0661 0.0638 0.0609 0.0603 0.0645 0.0736 0.0807 0.0985 0.1201 0.1359 0.1603 0.1885 0.2102 0.2282 0.2374 0.2505
0.2492 0.2458 0.2345 0.2235 0.2087 0.1922 0.1772 0.1625 0.151 0.1601 0.1843 0.2008 0.2246 0.2366 0.2282 0.2256 0.2125 0.2053 0.2048 0.2216 0.2497 0.2659 0.2772 0.2926
0.3167 0.3465 0.3485 0.3518 0.3434 0.3265 0.3136 0.2811 0.2603 0.2586 0.2489 0.2588 0.271 0.2633 0.2394 0.2096 0.1888 0.1919 0.2158 0.2564 0.2918 0.3341 0.3262 0.3207
0.3575 0.3643 0.3494 0.3332 0.3124 0.3008 0.296 0.2859 0.2495 0.2382 0.2376 0.2417 0.2369 0.2292 0.2136 0.1948 0.1873 0.1916 0.1999 0.2234 0.2369 0.2425 0.2361 0.2311
0.2276 0.2147 0.2027 0.1867 0.1579 0.1238 0.0989 0.0726 0.0614 0.0533 0.0437 0.031 0.0258 0.0248 0.0239 0.0278 0.0415 0.0615 0.0791 0.1042 0.1289 0.1522 0.1719 0.2015
0.1972 0.18 0.1646 0.1451 0.1388 0.1285 0.1133 0.0893 0.0728 0.0544 0.0428 0.0337 0.0291 0.0266 0.0222 0.0203 0.0185 0.0185 0.0221 0.0255 0.0274 0.0336 0.0347 0.0457
0.055 0.0578 0.0621 0.066 0.063 0.0581 0.0518 0.0423 0.0365 0.035 0.0328 0.0318 0.0348 0.0371 0.0351 0.0314 0.0285 0.0274 0.0281 0.0291 0.0297 0.0297 0.0308 0.0282
0.2859 0.3352 0.3763 0.4166 0.4572 0.4914 0.5198 0.5014 0.482 0.446 0.4065 0.3672 0.3412 0.3389 0.314 0.2858 0.2555 0.2271 0.2143 0.1984 0.1941 0.1919 0.1763 0.1798
0.0271 0.0271 0.0292 0.0315 0.0351 0.0341 0.0313 0.0306 0.0308 0.0306 0.0314 0.0308 0.0272 0.0235 0.025 0.0225 0.0243 0.0228 0.0206 0.0195 0.0192 0.02 0.0206 0.0209
0.0187 0.0193 0.0202 0.0203 0.0218 0.025 0.024 0.0201 0.0191 0.0188 0.0195 0.0173 0.0167 0.019 0.0202 0.0204 0.0209 0.019 0.0172 0.0147 0.0157 0.0146 0.0168 0.0175
0.0216 0.0256 0.0279 0.0291 0.0296 0.0281 0.0289 0.0259 0.0235 0.0205 0.0172 0.0163 0.016 0.0166 0.0169 0.015 0.0125 0.0107 0.0147 0.0164 0.0184 0.0186 0.0227 0.0263
0.0304 0.0348 0.0442 0.0489 0.0549 0.0568 0.0553 0.0513 0.0453 0.0388 0.0339 0.0303 0.0279 0.0281 0.0251 0.019 0.0162 0.0155 0.0148 0.0133 0.0133 0.0174 0.0197 0.0242
0.029 0.0341 0.0362 0.0355 0.0348 0.0343 0.0339 0.0282 0.0246 0.0246 0.0263 0.0322 0.0404 0.0474 0.0553 0.0559 0.0605 0.0641 0.0718 0.0813 0.0931 0.1085 0.1234 0.1456
0.173 0.2025 0.23 0.2573 0.2768 0.2618 0.2374 0.2187 0.1951 0.1841 0.1756 0.1725 0.1629 0.1599 0.1547 0.136 0.1227 0.1055 0.0972 0.0876 0.0734 0.0632 0.0555 0.0524
0.0479 0.0495 0.0492 0.0468 0.042 0.0412 0.0341 0.0291 0.0269 0.0271 0.0284 0.0307 0.0334 0.0326 0.0344 0.0378 0.0397 0.0406 0.0399 0.0414 0.0413 0.0424 0.0409 0.0407
0.039 0.0383 0.0401 0.0409 0.039 0.0403 0.0359 0.0343 0.029 0.027 0.0299 0.0307 0.0328 0.0357 0.0371 0.0383 0.0403 0.0409 0.042 0.0425 0.0449 0.0453 0.0445 0.045
0.0466 0.0466 0.0467 0.0456 0.0469 0.0483 0.0476 0.045 0.0435 0.0404 0.0373 0.0419 0.0457 0.0461 0.0465 0.0494 0.0491 0.0525 0.0577 0.0567 0.0605 0.0594 0.058 0.0563
0.0521 0.0478 0.0441 0.044 0.0431 0.0378 0.0317 0.0289 0.0266 0.0193 0.014 0.0107 0.0093 0.0082 0.0089 0.0109 0.0132 0.0157 0.0182 0.0189 0.0232 0.0263 0.0226 0.0229
0.1882 0.183 0.1846 0.1838 0.1776 0.1682 0.1556 0.1468 0.1334 0.1245 0.1165 0.1035 0.0982 0.105 0.0999 0.0965 0.0916 0.0851 0.0835 0.0787 0.0741 0.0708 0.068 0.0658
0.0248 0.0277 0.023 0.0245 0.0275 0.0272 0.0282 0.0236 0.0193 0.0185 0.0128 0.0084 0.008 0.0066 0.0058 0.0068 0.0074 0.0087 0.0106 0.0132 0.0137 0.0141 0.0137 0.0128
0.0119 0.0104 0.0075 0.006 0.0055 0.005 0.0037 0.0037 0.0036 0.0037 0.0039 0.0047 0.0044 0.0036 0.0041 0.0047 0.0047 0.0052 0.0064 0.007 0.009 0.0104 0.012 0.0122
0.0629 0.0609 0.0548 0.0506 0.0498 0.0457 0.0371 0.0318 0.0299 0.0285 0.0266 0.0249 0.0217 0.0211 0.0207 0.0204 0.0217 0.0244 0.0262 0.0268 0.0306 0.0357 0.0372 0.0395
0.0422 0.0442 0.04 0.0394 0.0412 0.04 0.0395 0.0406 0.0413 0.0453 0.0507 0.0551 0.0606 0.0658 0.0659 0.0695 0.0733 0.0837 0.0934 0.0977 0.104 0.113 0.1154 0.1128
0.1184 0.1213 0.1223 0.1233 0.1239 0.1223 0.1181 0.1086 0.1037 0.0992 0.0899 0.0843 0.0789 0.0824 0.0866 0.0946 0.1174 0.1326 0.1521 0.1722 0.1897 0.1985 0.2185 0.2512
0.2687 0.293 0.3023 0.3052 0.3103 0.2989 0.2836 0.2544 0.2244 0.202 0.1834 0.1646 0.138 0.1234 0.1182 0.1134 0.1175 0.1295 0.1488 0.1595 0.1824 0.2105 0.2183 0.2329
0.2427 0.2664 0.2745 0.2645 0.2399 0.1771 0.1265 0.0765 0.0532 0.0432 0.032 0.0337 0.0383 0.051 0.0599 0.0755 0.099 0.1134 0.1247 0.1379 0.1477 0.1553 0.1659 0.1622
0.1703 0.1672 0.1899 0.2027 0.2112 0.2178 0.2383 0.2643 0.2976 0.3076 0.3363 0.3475 0.369 0.4027 0.4401 0.4527 0.4481 0.4352 0.4233 0.3906 0.3654 0.3276 0.2868 0.2434
0.2287 0.2126 0.2176 0.2251 0.2374 0.2434 0.2543 0.2475 0.255 0.2379 0.2177 0.2004 0.1918 0.1893 0.1757 0.1448 0.1396 0.1373 0.1436 0.1522 0.1481 0.1418 0.1243 0.1182
