0 0 0 0 0 0 0 0.0009 0.0291 0.0886 0.1454 0.187 0.2143 0.223 0.2093 0.172 0.1134 0.0557 0.0115 0.0001 0 0 0 0
0 0 0 0 0 0 0 0.0005 0.023 0.0722 0.1138 0.1449 0.1687 0.1729 0.1601 0.1312 0.0875 0.0449 0.0092 0 0 0 0 0
0 0 0 0 0 0 0 0.0004 0.017 0.054 0.0906 0.1211 0.1436 0.1484 0.1388 0.1147 0.0775 0.0395 0.0084 0 0 0 0 0
0 0 0 0 0 0 0 0.0003 0.0167 0.0556 0.0939 0.1253 0.1483 0.155 0.1446 0.1179 0.0778 0.0392 0.0083 0.0001 0 0 0 0
0 0 0 0 0 0 0 0.0004 0.0144 0.0479 0.082 0.1114 0.1327 0.1361 0.1254 0.1012 0.0649 0.031 0.0067 0.0001 0 0 0 0
0 0 0 0 0 0 0 0.0001 0.008 0.0274 0.0455 0.058 0.0646 0.0661 0.0615 0.0495 0.0329 0.0173 0.004 0 0 0 0 0
0 0 0 0 0 0 0 0 0.0029 0.0122 0.0229 0.0321 0.0377 0.0385 0.0355 0.0275 0.0167 0.0067 0.001 0 0 0 0 0
0 0 0 0 0 0 0 0 0.0057 0.0181 0.0309 0.0425 0.0503 0.0507 0.0453 0.0354 0.0225 0.0097 0.0014 0 0 0 0 0
0 0 0 0 0 0 0 0 0.0127 0.0408 0.0648 0.0836 0.0947 0.0911 0.0765 0.0579 0.0374 0.02 0.0046 0 0 0 0 0
0 0 0 0 0 0 0 0 0.0076 0.0259 0.0424 0.0541 0.0603 0.0581 0.0499 0.0385 0.0265 0.0146 0.0033 0 0 0 0 0
0 0 0 0 0 0 0 0.001 0.013 0.0317 0.0503 0.066 0.0782 0.0809 0.0763 0.0652 0.0465 0.0266 0.0109 0.0003 0 0 0 0
0 0 0 0 0 0 0 0 0.004 0.0148 0.0281 0.0429 0.0573 0.0673 0.0708 0.0626 0.0408 0.0195 0.0039 0 0 0 0 0
0 0 0 0 0 0 0 0 0.0078 0.025 0.0408 0.0533 0.063 0.0672 0.0656 0.0567 0.0408 0.0237 0.0057 0 0 0 0 0
0 0 0 0 0 0 0 0 0.0131 0.0448 0.0731 0.0945 0.1066 0.0975 0.0781 0.0547 0.0338 0.018 0.0044 0 0 0 0 0
0 0 0 0 0 0 0 0.0002 0.0092 0.0307 0.0507 0.0657 0.0722 0.0672 0.0572 0.0434 0.0278 0.0142 0.0032 0 0 0 0 0
0 0 0 0 0 0 0 0.0001 0.0062 0.0219 0.0396 0.0559 0.0707 0.0772 0.0742 0.0616 0.0404 0.0206 0.005 0 0 0 0 0
0 0 0 0 0 0 0 0 0.006 0.0229 0.0387 0.05 0.0561 0.0571 0.0533 0.0438 0.0304 0.018 0.0049 0 0 0 0 0
0 0 0 0 0 0 0 0 0.0112 0.0405 0.0666 0.086 0.0968 0.0903 0.0754 0.0561 0.0377 0.022 0.0058 0 0 0 0 0
0 0 0 0 0 0 0 0 0.0066 0.0268 0.0464 0.0616 0.072 0.0727 0.0653 0.0509 0.0309 0.0143 0.0006 0 0 0 0 0
0 0 0 0 0 0 0 0 0.0035 0.0225 0.0446 0.0657 0.0805 0.0823 0.0746 0.0581 0.0338 0.0144 0.0003 0 0 0 0 0
0 0 0 0 0 0 0 0 0.0057 0.0358 0.0649 0.0909 0.1082 0.1102 0.1008 0.0789 0.0467 0.0202 0.0004 0 0 0 0 0
0 0 0 0 0 0 0 0.0009 0.0116 0.0325 0.0536 0.0709 0.0816 0.0786 0.067 0.0508 0.032 0.0157 0.0053 0.0002 0 0 0 0
0 0 0 0 0 0 0 0 0.0054 0.0342 0.0608 0.0825 0.0955 0.094 0.0822 0.061 0.0331 0.0123 0.0003 0 0 0 0 0
0 0 0 0 0 0 0 0.0015 0.0141 0.0389 0.0639 0.0832 0.0925 0.0864 0.0699 0.0482 0.0254 0.003 0.0003 0 0 0 0 0
0 0 0 0 0 0 0 0.0023 0.0314 0.0793 0.1274 0.1689 0.1994 0.2109 0.2006 0.1677 0.1136 0.0587 0.0188 0.0005 0 0 0 0
0 0 0 0 0 0 0 0.0016 0.0271 0.0716 0.1152 0.1479 0.1697 0.174 0.1638 0.135 0.0912 0.0469 0.0137 0.0002 0 0 0 0
0 0 0 0 0 0 0 0.0009 0.0139 0.0365 0.0568 0.0708 0.0791 0.0767 0.0671 0.0515 0.0336 0.0169 0.0055 0.0001 0 0 0 0
0 0 0 0 0 0 0 0.0012 0.0173 0.0464 0.0767 0.1006 0.1168 0.1148 0.1001 0.0789 0.0525 0.0279 0.0106 0.0001 0 0 0 0
0 0 0 0 0 0 0 0.0014 0.0197 0.0541 0.0901 0.1202 0.1414 0.1468 0.1378 0.1142 0.0764 0.039 0.012 0.0001 0 0 0 0
0 0 0 0 0 0 0 0.0015 0.0224 0.0621 0.1021 0.1331 0.1554 0.1605 0.1501 0.1248 0.0833 0.0419 0.0134 0.0001 0 0 0 0
0 0 0 0 0 0 0 0.0008 0.0233 0.073 0.1194 0.1558 0.1795 0.1848 0.1723 0.143 0.0944 0.0466 0.016 0.0001 0 0 0 0
