0 0 0 0 0 0 0 0.0009 0.0298 0.1008 0.1714 0.2234 0.2496 0.264 0.2582 0.2146 0.1382 0.0513 0.0046 0 0 0 0 0
0 0 0 0 0 0 0 0.0006 0.0218 0.0783 0.1376 0.1748 0.2012 0.2049 0.1931 0.1576 0.1035 0.0394 0.0032 0 0 0 0 0
0 0 0 0 0 0 0 0.0003 0.0163 0.0603 0.1084 0.1387 0.1564 0.1641 0.1522 0.1264 0.0843 0.0318 0.0024 0 0 0 0 0
0 0 0 0 0 0 0 0.0003 0.0128 0.0456 0.083 0.1058 0.1263 0.1428 0.1438 0.1225 0.0795 0.0282 0.0018 0 0 0 0 0
0 0 0 0 0 0 0 0.0001 0.0063 0.0195 0.0335 0.0485 0.0776 0.0926 0.0916 0.0705 0.0471 0.0164 0.0008 0 0 0 0 0
0 0 0 0 0 0 0 0 0.0043 0.0148 0.0266 0.0361 0.0457 0.0391 0.0341 0.0226 0.0118 0.0028 0.0001 0 0 0 0 0
0 0 0 0 0 0 0 0 0.0027 0.0138 0.0291 0.0366 0.0428 0.0437 0.0396 0.0298 0.0176 0.0056 0.0002 0 0 0 0 0
0 0 0 0 0 0 0 0 0.0029 0.0126 0.0251 0.0369 0.0505 0.0529 0.0481 0.0385 0.0229 0.0068 0.0002 0 0 0 0 0
0 0 0 0 0 0 0 0 0.0051 0.0245 0.0472 0.0668 0.0761 0.0858 0.0746 0.054 0.0312 0.0084 0.0002 0 0 0 0 0
0 0 0 0 0 0 0 0 0.0038 0.0186 0.0396 0.055 0.062 0.0619 0.0592 0.0385 0.0183 0.0047 0.0002 0 0 0 0 0
0 0 0 0 0 0 0 0.0004 0.0072 0.0222 0.0421 0.0588 0.0751 0.0804 0.0749 0.0673 0.0478 0.0247 0.0034 0 0 0 0 0
0 0 0 0 0 0 0 0 0.0021 0.0153 0.0367 0.041 0.0526 0.059 0.0577 0.051 0.0318 0.0106 0.0007 0 0 0 0 0
0 0 0 0 0 0 0 0 0.0051 0.0262 0.0492 0.0685 0.0758 0.0881 0.089 0.0812 0.0558 0.0197 0.0016 0 0 0 0 0
0 0 0 0 0 0 0 0 0.0111 0.0557 0.1036 0.1215 0.1117 0.0913 0.061 0.0375 0.0203 0.0065 0.0006 0 0 0 0 0
0 0 0 0 0 0 0 0 0.0065 0.0319 0.0674 0.0907 0.1012 0.0931 0.0783 0.0641 0.0362 0.0089 0.0007 0 0 0 0 0
0 0 0 0 0 0 0 0.0001 0.004 0.0133 0.0302 0.0547 0.0619 0.0717 0.0728 0.0583 0.0332 0.0091 0.0006 0 0 0 0 0
0 0 0 0 0 0 0 0 0.0031 0.0152 0.0322 0.0505 0.0626 0.0609 0.0525 0.0373 0.0211 0.0069 0.0005 0 0 0 0 0
0 0 0 0 0 0 0 0 0.0082 0.0447 0.0857 0.108 0.1153 0.1118 0.0888 0.0695 0.0371 0.0107 0.0009 0 0 0 0 0
0 0 0 0 0 0 0 0.0001 0.0077 0.0388 0.0728 0.0953 0.1131 0.1221 0.1043 0.074 0.0385 0.009 0.0005 0 0 0 0 0
0 0 0 0 0 0 0 0 0.0026 0.017 0.0379 0.0633 0.0919 0.097 0.08 0.0681 0.0329 0.007 0.0005 0 0 0 0 0
0 0 0 0 0 0 0 0 0.0075 0.0442 0.0928 0.1311 0.1466 0.1469 0.1343 0.1052 0.0587 0.0143 0.0004 0 0 0 0 0
0 0 0 0 0 0 0 0.0018 0.0126 0.0283 0.0478 0.0624 0.0698 0.0694 0.0628 0.0501 0.0367 0.0159 0.0021 0 0 0 0 0
0 0 0 0 0 0 0 0 0.0096 0.0455 0.0856 0.1038 0.1081 0.0993 0.0917 0.0573 0.0318 0.0055 0.0003 0 0 0 0 0
0 0 0 0 0 0 0.0022 0.0121 0.0234 0.0362 0.0688 0.099 0.133 0.1244 0.105 0.0692 0.0297 0.0063 0.001 0 0 0 0 0
0 0 0 0 0 0 0 0.0021 0.0305 0.0825 0.1468 0.2039 0.2453 0.2702 0.2569 0.2229 0.154 0.0677 0.0097 0 0 0 0 0
0 0 0 0 0 0 0 0.0012 0.0222 0.0681 0.1168 0.1687 0.1932 0.1986 0.1835 0.1505 0.0967 0.0396 0.0053 0 0 0 0 0
0 0 0 0 0 0 0 0.0007 0.0095 0.0312 0.0544 0.0618 0.0677 0.0673 0.0536 0.0426 0.0267 0.0094 0.0011 0 0 0 0 0
0 0 0 0 0 0 0 0.0003 0.0098 0.035 0.0648 0.0923 0.1031 0.0959 0.0838 0.0701 0.042 0.0149 0.0011 0 0 0 0 0
0 0 0 0 0 0 0 0.0003 0.0064 0.0198 0.0363 0.0512 0.0572 0.0572 0.0542 0.0418 0.0272 0.0116 0.0008 0 0 0 0 0
0 0 0 0 0 0 0 0.0009 0.0147 0.0455 0.0757 0.0999 0.1152 0.1309 0.1369 0.1183 0.0812 0.0347 0.0043 0 0 0 0 0
0 0 0 0 0 0 0 0.0007 0.0209 0.0698 0.1251 0.1684 0.193 0.1998 0.1962 0.1691 0.1111 0.0433 0.0049 0 0 0 0 0
