0 0 0 0 0 0 0.0006 0.0244 0.096 0.1854 0.2703 0.3435 0.3893 0.4152 0.4072 0.3571 0.2754 0.1672 0.0662 0.0107 0.0001 0 0 0
0 0 0 0 0 0 0.0005 0.0156 0.0595 0.1164 0.1643 0.2026 0.2294 0.2356 0.2275 0.1989 0.1561 0.1014 0.0417 0.0077 0.0002 0 0 0
0 0 0 0 0 0 0.0005 0.0056 0.0223 0.0414 0.079 0.1079 0.1362 0.1586 0.1634 0.1452 0.1127 0.0779 0.0372 0.0074 0.0002 0 0 0
0 0 0 0 0 0 0.0005 0.0102 0.0407 0.0772 0.1091 0.1283 0.1462 0.1519 0.1369 0.1222 0.0952 0.0598 0.0273 0.0059 0.0001 0 0 0
0 0 0 0 0 0 0.0007 0.016 0.056 0.1079 0.1518 0.1743 0.1772 0.1677 0.162 0.1354 0.106 0.0716 0.0368 0.0078 0.0002 0 0 0
0 0 0 0 0 0 0.0006 0.0197 0.0681 0.1249 0.1691 0.1648 0.1532 0.1354 0.1252 0.1136 0.0887 0.0628 0.0321 0.0079 0.0001 0 0 0
0 0 0 0 0 0 0.001 0.0262 0.091 0.1643 0.2228 0.2351 0.1938 0.1757 0.1654 0.1547 0.1241 0.0892 0.0419 0.0097 0.0002 0 0 0
0 0 0 0 0 0 0.0016 0.0283 0.0901 0.1609 0.2312 0.268 0.2759 0.2961 0.2855 0.2641 0.2087 0.1341 0.0587 0.0131 0.0003 0 0 0
0 0 0 0 0 0 0.0015 0.0221 0.0739 0.1405 0.1963 0.2398 0.2601 0.2628 0.2502 0.2183 0.1702 0.109 0.0492 0.0112 0.0003 0 0 0
0 0 0 0 0 0 0.0017 0.0242 0.0775 0.1399 0.1965 0.2388 0.2655 0.2632 0.2518 0.2241 0.1754 0.1129 0.0517 0.012 0.0003 0 0 0
0 0 0 0 0 0 0.0001 0.0034 0.0219 0.0532 0.085 0.1082 0.1319 0.1392 0.1342 0.0979 0.0676 0.0408 0.0166 0.0024 0 0 0 0
0 0 0 0 0 0 0.0019 0.025 0.0769 0.1378 0.1932 0.2325 0.257 0.2597 0.2507 0.2192 0.1726 0.1111 0.051 0.0121 0.0004 0 0 0
0 0 0 0 0 0 0.0022 0.0252 0.0769 0.1385 0.1924 0.2319 0.2523 0.2523 0.2357 0.2111 0.162 0.1031 0.0484 0.0121 0.0005 0 0 0
0 0 0 0 0 0 0.0032 0.0374 0.1123 0.1957 0.2731 0.3337 0.3671 0.37 0.3531 0.3098 0.2391 0.157 0.0725 0.018 0.0007 0 0 0
0 0 0 0 0 0 0.0041 0.0433 0.124 0.2192 0.3095 0.3745 0.4116 0.4191 0.3873 0.3347 0.2572 0.1628 0.0758 0.019 0.0008 0 0 0
0 0 0 0 0 0 0.0049 0.0454 0.1237 0.2122 0.2983 0.377 0.4252 0.4354 0.3988 0.3252 0.2548 0.1582 0.0724 0.0208 0.0008 0 0 0
0 0 0 0 0 0 0.005 0.0509 0.1413 0.2342 0.3211 0.3832 0.399 0.4069 0.3957 0.3458 0.2631 0.1678 0.0798 0.0215 0.0011 0 0 0
0 0 0 0 0 0 0.004 0.0335 0.0834 0.1382 0.1768 0.2023 0.1992 0.1882 0.1647 0.1459 0.1214 0.0782 0.0393 0.0119 0.0006 0 0 0
0 0 0 0 0 0 0.0029 0.0179 0.0425 0.0711 0.0925 0.1069 0.1205 0.1255 0.1214 0.1161 0.0941 0.0614 0.0282 0.0092 0.0005 0 0 0
0 0 0 0 0 0 0.003 0.0212 0.054 0.0962 0.1378 0.1796 0.204 0.2147 0.1966 0.1698 0.1273 0.0862 0.0419 0.0131 0.001 0 0 0
0 0 0 0 0 0 0.005 0.0305 0.0783 0.1312 0.1863 0.2274 0.2423 0.2541 0.2446 0.2227 0.1801 0.1164 0.0597 0.0166 0.0011 0 0 0
0 0 0 0 0 0 0.0001 0.0095 0.0569 0.1327 0.2132 0.2777 0.3108 0.3295 0.3298 0.296 0.2306 0.1385 0.052 0.0056 0 0 0 0
0 0 0 0 0 0 0.0077 0.0502 0.1314 0.2305 0.3245 0.3993 0.423 0.4037 0.3665 0.318 0.2386 0.1495 0.0739 0.0195 0.0009 0 0 0
0 0 0 0 0 0 0.0001 0.0145 0.0715 0.1502 0.2225 0.2659 0.2803 0.2795 0.2571 0.2187 0.1574 0.0899 0.0307 0.0032 0 0 0 0
0 0 0 0 0 0 0 0.002 0.0109 0.0223 0.0393 0.0563 0.0697 0.0892 0.0982 0.0976 0.086 0.0598 0.0238 0.0032 0 0 0 0
0 0 0 0 0 0 0.0001 0.009 0.0443 0.0962 0.1325 0.1473 0.1651 0.1744 0.1682 0.1437 0.1032 0.0587 0.0192 0.0022 0 0 0 0
0 0 0 0 0 0 0.0002 0.0041 0.0168 0.0417 0.0847 0.1204 0.1448 0.1659 0.1834 0.1777 0.1446 0.09 0.0382 0.0061 0.0001 0 0 0
0 0 0 0 0 0 0.0001 0.013 0.0598 0.1289 0.196 0.2402 0.2623 0.2589 0.2413 0.2046 0.1538 0.0924 0.0397 0.0069 0.0001 0 0 0
0 0 0 0 0 0 0.0001 0.0099 0.0453 0.1031 0.169 0.2202 0.2711 0.3034 0.3165 0.2825 0.2245 0.1376 0.0545 0.0089 0.0001 0 0 0
0 0 0 0 0 0 0.0003 0.0191 0.0831 0.1714 0.2573 0.3277 0.3671 0.399 0.3979 0.3482 0.2702 0.1672 0.0706 0.0118 0.0001 0 0 0
