0.0533 0.0561 0.0565 0.0557 0.0521 0.0481 0.0388 0.0295 0.0213 0.0157 0.0136 0.013 0.0122 0.0137 0.0134 0.0122 0.0119 0.013 0.0164 0.0169 0.0183 0.0256 0.0289 0.0339
0.0569 0.0678 0.0751 0.079 0.0773 0.0743 0.0637 0.0555 0.0451 0.0374 0.0395 0.041 0.0428 0.0401 0.0375 0.0365 0.0359 0.0336 0.0335 0.0352 0.0387 0.0435 0.0495 0.0538
0.0443 0.04 0.0365 0.035 0.0328 0.0292 0.0241 0.0187 0.016 0.0177 0.0206 0.026 0.0321 0.0409 0.0504 0.0575 0.0624 0.0571 0.0554 0.0547 0.0522 0.0517 0.059 0.0677
0.0856 0.0869 0.0858 0.0844 0.084 0.0809 0.0724 0.0647 0.064 0.0651 0.0677 0.069 0.0705 0.0715 0.0695 0.0659 0.0568 0.0449 0.0338 0.0238 0.0187 0.0188 0.0231 0.0304
0.0285 0.0365 0.0406 0.0431 0.0433 0.0419 0.0394 0.0354 0.0306 0.0268 0.0254 0.0262 0.0296 0.0341 0.038 0.0388 0.0396 0.0416 0.0474 0.0545 0.061 0.0729 0.0937 0.1083
0.1617 0.1566 0.1485 0.1476 0.1494 0.1416 0.1356 0.1334 0.1357 0.1424 0.1489 0.149 0.1471 0.1384 0.1301 0.1217 0.1117 0.0955 0.0787 0.0617 0.0453 0.0331 0.0255 0.0225
0.0243 0.0258 0.0287 0.0315 0.0359 0.0408 0.0452 0.0487 0.0475 0.0502 0.0519 0.0592 0.0683 0.0736 0.0745 0.071 0.065 0.054 0.0429 0.0319 0.0257 0.0245 0.0269 0.0311
0.0239 0.0266 0.0305 0.0348 0.0395 0.0453 0.0528 0.0504 0.0464 0.0346 0.0326 0.0337 0.0332 0.0379 0.0448 0.0529 0.0617 0.0665 0.0697 0.0726 0.0783 0.0854 0.0908 0.0961
0.0899 0.091 0.0906 0.0868 0.0821 0.0762 0.0703 0.065 0.0574 0.0534 0.05 0.047 0.0454 0.0434 0.0413 0.0393 0.035 0.0312 0.0277 0.0233 0.0201 0.0175 0.0162 0.0165
0.0156 0.0159 0.0166 0.0173 0.0172 0.0161 0.0144 0.0131 0.0123 0.012 0.0114 0.0114 0.0114 0.0113 0.0119 0.0117 0.011 0.0111 0.0122 0.0137 0.016 0.0224 0.0314 0.0396
0.0232 0.0215 0.0213 0.0204 0.0187 0.019 0.0193 0.0178 0.0167 0.0135 0.0114 0.0109 0.0114 0.0115 0.0112 0.0115 0.0115 0.0119 0.0129 0.0152 0.018 0.0231 0.0293 0.0345
0.0452 0.0474 0.0476 0.0458 0.0432 0.0396 0.0345 0.0311 0.026 0.022 0.0214 0.025 0.029 0.0327 0.0336 0.0335 0.0327 0.0317 0.0328 0.0351 0.0396 0.0469 0.056 0.0652
0.071 0.0704 0.0675 0.0646 0.0624 0.0595 0.0527 0.0444 0.0359 0.031 0.0293 0.0296 0.0304 0.0317 0.0332 0.0335 0.0329 0.0304 0.0278 0.0273 0.0271 0.0319 0.0358 0.0399
0.0526 0.0565 0.0539 0.0516 0.05 0.0457 0.0388 0.0291 0.0199 0.0154 0.0141 0.0134 0.0151 0.0167 0.0198 0.0224 0.0236 0.0229 0.0235 0.0262 0.0279 0.0316 0.0346 0.0394
0.0435 0.0417 0.0412 0.0401 0.0395 0.0378 0.037 0.0328 0.0285 0.0265 0.0262 0.0258 0.0249 0.026 0.0266 0.0274 0.0278 0.0283 0.0318 0.0341 0.0399 0.0434 0.0481 0.0529
0.0589 0.0676 0.0755 0.0835 0.0931 0.1018 0.1093 0.116 0.1252 0.1353 0.147 0.1569 0.1663 0.1763 0.1864 0.198 0.2046 0.2057 0.1983 0.1874 0.177 0.1634 0.1487 0.1392
0.1581 0.1527 0.1477 0.1434 0.1389 0.1343 0.1273 0.1197 0.1115 0.1058 0.102 0.0998 0.0993 0.0994 0.0999 0.0965 0.0901 0.0845 0.0752 0.0636 0.0548 0.0501 0.0455 0.0451
0.0262 0.0251 0.0243 0.0227 0.0227 0.0218 0.0185 0.0154 0.013 0.0121 0.0104 0.0098 0.0091 0.0089 0.0094 0.01 0.0113 0.0141 0.0168 0.0195 0.0214 0.0225 0.0232 0.0214
0.0189 0.0178 0.017 0.0162 0.0156 0.0141 0.0126 0.011 0.0099 0.009 0.0092 0.009 0.0094 0.0099 0.0114 0.0131 0.0146 0.0169 0.0176 0.0177 0.0179 0.0185 0.0188 0.0197
0.0257 0.0306 0.0358 0.039 0.0408 0.0412 0.0385 0.0364 0.0356 0.0353 0.038 0.0419 0.0469 0.0522 0.0591 0.0642 0.0708 0.0765 0.0804 0.0809 0.081 0.0796 0.0814 0.0865
0.0672 0.0694 0.0722 0.0751 0.0764 0.0765 0.0723 0.0672 0.0629 0.0625 0.0626 0.0636 0.0661 0.0707 0.0746 0.0776 0.08 0.0848 0.0869 0.0876 0.0853 0.0823 0.0803 0.082
0.035 0.0376 0.0412 0.0418 0.0419 0.0383 0.0329 0.0275 0.0222 0.018 0.0153 0.0144 0.0156 0.0163 0.0165 0.0172 0.0175 0.0183 0.0202 0.0245 0.031 0.0412 0.053 0.0652
0.0863 0.0859 0.0863 0.0846 0.0793 0.0723 0.065 0.0575 0.0546 0.0555 0.0596 0.0634 0.0665 0.071 0.0738 0.0765 0.0759 0.0722 0.0665 0.0585 0.0518 0.0464 0.0426 0.0394
0.0287 0.0319 0.0381 0.0417 0.0451 0.0474 0.0507 0.0552 0.0509 0.0493 0.0495 0.0555 0.063 0.0709 0.077 0.077 0.0747 0.0679 0.0615 0.0533 0.0511 0.0511 0.0528 0.0565
0.0614 0.0653 0.0681 0.067 0.064 0.0611 0.0539 0.045 0.034 0.0281 0.0247 0.0259 0.0283 0.0257 0.0283 0.0326 0.0332 0.0341 0.0369 0.0421 0.0448 0.0496 0.0519 0.0572
0.0635 0.0634 0.0632 0.0645 0.0643 0.0642 0.0538 0.0444 0.036 0.0334 0.032 0.0317 0.0313 0.0347 0.0378 0.0379 0.0374 0.0372 0.0362 0.0344 0.0323 0.0304 0.03 0.0334
0.032 0.035 0.0358 0.0372 0.0352 0.0311 0.0262 0.0212 0.0184 0.0176 0.0178 0.0185 0.0198 0.0225 0.0259 0.0302 0.0335 0.0348 0.0358 0.0373 0.0399 0.041 0.0404 0.0397
0.0507 0.0498 0.0524 0.057 0.0634 0.0681 0.0688 0.0681 0.0683 0.0672 0.0679 0.0701 0.0739 0.0794 0.0839 0.088 0.0903 0.0892 0.0843 0.0727 0.0594 0.0476 0.0395 0.0349
0.0402 0.0393 0.0392 0.0365 0.0321 0.0271 0.0208 0.0157 0.013 0.012 0.0117 0.0126 0.0131 0.0125 0.0119 0.0115 0.0092 0.0076 0.0063 0.0059 0.0067 0.0106 0.0144 0.0199
0.0226 0.0295 0.0343 0.0371 0.038 0.0368 0.0325 0.0276 0.0208 0.0166 0.0133 0.0133 0.0137 0.0149 0.0168 0.0174 0.0176 0.0167 0.014 0.0123 0.0121 0.0138 0.0172 0.0224
0.0319 0.0352 0.0363 0.0371 0.0361 0.0339 0.0288 0.0236 0.0182 0.0151 0.0126 0.0113 0.0107 0.0116 0.0126 0.0144 0.0159 0.0162 0.017 0.0178 0.019 0.0235 0.0325 0.0426
