0 0 0 0 0 0 0 0 0.0003 0.0054 0.0191 0.0311 0.035 0.0344 0.0241 0.0105 0.001 0 0 0 0 0 0 0
0 0 0 0 0 0 0 0 0.0002 0.0062 0.0207 0.0351 0.0428 0.036 0.0207 0.0094 0.0011 0 0 0 0 0 0 0
0 0 0 0 0 0 0 0 0.0006 0.0054 0.0136 0.0215 0.0239 0.0213 0.0125 0.0045 0.0006 0.0001 0 0 0 0 0 0
0 0 0 0 0 0 0 0 0.0002 0.0029 0.0068 0.0108 0.0125 0.0112 0.0084 0.0037 0.0005 0 0 0 0 0 0 0
0 0 0 0 0 0 0 0 0.0004 0.0049 0.0147 0.0255 0.0273 0.0249 0.0203 0.0108 0.0022 0.0001 0 0 0 0 0 0
0 0 0 0 0 0 0 0 0.0042 0.0255 0.0567 0.0829 0.0867 0.0668 0.0497 0.0284 0.006 0.0003 0 0 0 0 0 0
0 0 0 0 0 0 0 0 0.006 0.0455 0.1109 0.159 0.1809 0.1853 0.15 0.0807 0.0159 0.0004 0 0 0 0 0 0
0 0 0 0 0 0 0 0 0.0036 0.0306 0.0759 0.1051 0.1131 0.1058 0.0843 0.0452 0.0092 0.0002 0 0 0 0 0 0
0 0 0 0 0 0 0 0 0.0012 0.0096 0.025 0.0351 0.0385 0.0353 0.0266 0.0123 0.0022 0.0001 0 0 0 0 0 0
0 0 0 0 0 0 0 0 0.0008 0.0055 0.015 0.0229 0.03 0.0315 0.0235 0.0125 0.0037 0.0003 0 0 0 0 0 0
0 0 0 0 0 0 0 0 0.0002 0.0029 0.0078 0.0136 0.0177 0.0152 0.0097 0.0034 0.0002 0 0 0 0 0 0 0
0 0 0 0 0 0 0 0 0.0009 0.0064 0.0162 0.0242 0.0229 0.0234 0.0196 0.0141 0.0026 0.0001 0 0 0 0 0 0
0 0 0 0 0 0 0 0 0.0016 0.0115 0.0304 0.0482 0.0425 0.035 0.0236 0.0117 0.0018 0.0001 0 0 0 0 0 0
0 0 0 0 0 0 0 0 0.0024 0.0189 0.0445 0.0648 0.0707 0.0594 0.0395 0.0212 0.0043 0.0002 0 0 0 0 0 0
0 0 0 0 0 0 0 0 0.0043 0.0239 0.0462 0.0493 0.047 0.041 0.0335 0.0189 0.0043 0.0003 0 0 0 0 0 0
0 0 0 0 0 0 0 0 0.0005 0.0032 0.0079 0.0121 0.0143 0.0141 0.0104 0.0057 0.0011 0.0001 0 0 0 0 0 0
0 0 0 0 0 0 0 0 0.0004 0.0052 0.0144 0.0233 0.0296 0.0218 0.0149 0.0061 0.0013 0.0001 0 0 0 0 0 0
0 0 0 0 0 0 0 0 0.001 0.0051 0.0112 0.0157 0.0169 0.0167 0.0122 0.0064 0.0016 0.0001 0 0 0 0 0 0
0 0 0 0 0 0 0 0 0.0007 0.0061 0.0174 0.0285 0.0354 0.0305 0.0243 0.0123 0.0024 0.0001 0 0 0 0 0 0
0 0 0 0 0 0 0 0 0.0025 0.0186 0.0465 0.0704 0.0823 0.0788 0.0644 0.0393 0.0103 0.0003 0 0 0 0 0 0
0 0 0 0 0 0 0 0 0.0044 0.0283 0.0732 0.1047 0.1131 0.1111 0.0906 0.052 0.0143 0.0005 0 0 0 0 0 0
0 0 0 0 0 0 0 0 0.0001 0.0022 0.0091 0.023 0.0295 0.0241 0.0203 0.0098 0.0011 0 0 0 0 0 0 0
0 0 0 0 0 0 0 0 0.0043 0.0227 0.0653 0.0948 0.1119 0.1197 0.1 0.0612 0.0183 0.0008 0 0 0 0 0 0
0 0 0 0 0 0 0 0 0.0017 0.0086 0.0206 0.0304 0.0364 0.0373 0.0299 0.0177 0.0047 0.0002 0 0 0 0 0 0
0 0 0 0 0 0 0 0 0.0001 0.002 0.0093 0.0171 0.022 0.0222 0.0148 0.0063 0.0012 0 0 0 0 0 0 0
0 0 0 0 0 0 0 0 0.0001 0.0014 0.0092 0.0183 0.0222 0.0209 0.0143 0.0062 0.0009 0 0 0 0 0 0 0
0 0 0 0 0 0 0 0 0.0005 0.0061 0.0186 0.0362 0.0489 0.0515 0.0394 0.0183 0.0026 0 0 0 0 0 0 0
0 0 0 0 0 0 0 0 0.0006 0.0024 0.0072 0.013 0.0166 0.0147 0.01 0.0033 0.0005 0 0 0 0 0 0 0
0 0 0 0 0 0 0 0 0.0004 0.004 0.0097 0.0152 0.0186 0.0186 0.0123 0.0048 0.0006 0 0 0 0 0 0 0
0 0 0 0 0 0 0 0 0.0004 0.0074 0.0267 0.0621 0.0798 0.0788 0.0676 0.0273 0.004 0 0 0 0 0 0 0
0 0 0 0 0 0 0 0 0.0027 0.0151 0.0388 0.0578 0.0572 0.0503 0.0254 0.011 0.0009 0 0 0 0 0 0 0
