0 0 0 0 0 0 0 0 0.0007 0.0096 0.0254 0.04 0.0474 0.0443 0.0313 0.0115 0.0011 0 0 0 0 0 0 0
0 0 0 0 0 0 0 0 0.0007 0.0083 0.0227 0.0359 0.0404 0.0352 0.0221 0.0066 0.0006 0 0 0 0 0 0 0
0 0 0 0 0 0 0 0 0.0006 0.0053 0.0134 0.0197 0.0218 0.0193 0.0129 0.0045 0.0005 0 0 0 0 0 0 0
0 0 0 0 0 0 0 0 0.0001 0.0009 0.0032 0.0058 0.007 0.0062 0.0037 0.0012 0.0002 0 0 0 0 0 0 0
0 0 0 0 0 0 0 0 0.0007 0.0082 0.0208 0.0336 0.0402 0.0394 0.0291 0.0127 0.0031 0.0001 0 0 0 0 0 0
0 0 0 0 0 0 0 0 0.0012 0.0101 0.0242 0.036 0.0422 0.0413 0.0312 0.0144 0.0039 0.0001 0 0 0 0 0 0
0 0 0 0 0 0 0 0 0.002 0.0205 0.0522 0.0771 0.0867 0.0806 0.0589 0.0254 0.0073 0.0009 0 0 0 0 0 0
0 0 0 0 0 0 0 0 0.0016 0.0171 0.0419 0.0597 0.0654 0.0594 0.0426 0.0192 0.008 0.0019 0 0 0 0 0 0
0 0 0 0 0 0 0 0 0.0008 0.0069 0.0149 0.0214 0.0252 0.0247 0.0193 0.0109 0.005 0.0012 0 0 0 0 0 0
0 0 0 0 0 0 0 0 0.0007 0.0058 0.0136 0.0213 0.027 0.0275 0.0214 0.0104 0.0029 0.0005 0 0 0 0 0 0
0 0 0 0 0 0 0 0 0.0006 0.0063 0.0162 0.024 0.0274 0.0273 0.0197 0.0078 0.0005 0.0001 0 0 0 0 0 0
0 0 0 0 0 0 0 0 0.0008 0.0072 0.0183 0.0295 0.0354 0.0349 0.0277 0.0161 0.0063 0.0012 0 0 0 0 0 0
0 0 0 0 0 0 0 0 0.0005 0.0074 0.0185 0.0285 0.0354 0.0372 0.0318 0.0241 0.0154 0.0035 0 0 0 0 0 0
0 0 0 0 0 0 0 0 0.0005 0.0061 0.0159 0.0256 0.0314 0.0335 0.0284 0.021 0.0133 0.0022 0 0 0 0 0 0
0 0 0 0 0 0 0 0 0.0012 0.0119 0.0276 0.0417 0.0463 0.0441 0.0364 0.0252 0.0137 0.0032 0 0 0 0 0 0
0 0 0 0 0 0 0 0 0.0007 0.006 0.013 0.0195 0.023 0.0214 0.0169 0.011 0.0051 0.0011 0 0 0 0 0 0
0 0 0 0 0 0 0 0 0.0011 0.0069 0.0151 0.0225 0.0258 0.0248 0.02 0.0121 0.0051 0.0011 0 0 0 0 0 0
0 0 0 0 0 0 0 0 0.0011 0.0075 0.016 0.0241 0.0286 0.0286 0.0232 0.0145 0.0068 0.0017 0 0 0 0 0 0
0 0 0 0 0 0 0 0 0.001 0.0091 0.0221 0.035 0.0399 0.037 0.0284 0.0181 0.0103 0.0022 0 0 0 0 0 0
0 0 0 0 0 0 0 0 0.001 0.0108 0.0266 0.0415 0.049 0.0491 0.0411 0.0278 0.0174 0.0045 0.0001 0 0 0 0 0
0 0 0 0 0 0 0 0.0001 0.0036 0.027 0.062 0.0887 0.0995 0.0945 0.0742 0.046 0.0257 0.0063 0 0 0 0 0 0
0 0 0 0 0 0 0 0 0.0006 0.0063 0.0166 0.0255 0.0301 0.0312 0.0238 0.0116 0.0027 0.0001 0 0 0 0 0 0
0 0 0 0 0 0 0 0.0001 0.0034 0.0251 0.0544 0.0773 0.0927 0.0983 0.0907 0.0702 0.0423 0.0072 0.0001 0 0 0 0 0
0 0 0 0 0 0 0 0 0.0036 0.0255 0.0528 0.0716 0.0809 0.0834 0.0762 0.0568 0.0316 0.0054 0.0001 0 0 0 0 0
0 0 0 0 0 0 0 0 0.0005 0.0052 0.013 0.0194 0.0225 0.0217 0.0158 0.0066 0.001 0.0001 0 0 0 0 0 0
0 0 0 0 0 0 0 0 0.0005 0.0064 0.0163 0.0265 0.0337 0.0373 0.0315 0.0153 0.0035 0.0005 0 0 0 0 0 0
0 0 0 0 0 0 0 0 0.0006 0.0086 0.0234 0.0372 0.0465 0.0467 0.0343 0.0151 0.0023 0.0002 0 0 0 0 0 0
0 0 0 0 0 0 0 0 0.0004 0.0027 0.007 0.011 0.0137 0.0133 0.0094 0.0032 0.0003 0 0 0 0 0 0 0
0 0 0 0 0 0 0 0 0.0006 0.0055 0.0131 0.0194 0.0196 0.0155 0.0094 0.003 0.0003 0 0 0 0 0 0 0
0 0 0 0 0 0 0 0 0.001 0.0118 0.0293 0.044 0.0512 0.0476 0.0323 0.0112 0.0008 0 0 0 0 0 0 0
0 0 0 0 0 0 0 0 0.0012 0.0128 0.0295 0.0415 0.0445 0.0385 0.0245 0.0078 0.0003 0 0 0 0 0 0 0
