0.1208 0.1177 0.111 0.102 0.0951 0.0843 0.0736 0.0667 0.0659 0.0675 0.066 0.0624 0.0603 0.0591 0.0588 0.0577 0.0584 0.061 0.0649 0.0707 0.08 0.0905 0.0992 0.1075
0.0884 0.0938 0.0968 0.0995 0.1016 0.1013 0.0999 0.095 0.0962 0.0988 0.0994 0.095 0.0877 0.0789 0.0724 0.0651 0.0621 0.0595 0.0609 0.0659 0.0727 0.08 0.0863 0.0977
0.1774 0.1906 0.1959 0.1983 0.194 0.1785 0.1578 0.1431 0.137 0.1376 0.1375 0.1372 0.1397 0.1446 0.1474 0.1434 0.1409 0.1384 0.1394 0.1434 0.1488 0.1526 0.1518 0.1543
0.1223 0.126 0.1265 0.1275 0.1251 0.1241 0.1226 0.1178 0.1211 0.128 0.1342 0.1364 0.1353 0.1305 0.1229 0.1161 0.1061 0.0963 0.0937 0.0938 0.0985 0.1005 0.1025 0.1036
0.2004 0.2024 0.1975 0.1878 0.1782 0.1672 0.1492 0.1296 0.123 0.1234 0.1248 0.1305 0.1396 0.1565 0.171 0.1857 0.195 0.1965 0.205 0.2191 0.239 0.2623 0.2726 0.2804
0.2622 0.2613 0.262 0.2612 0.2524 0.2427 0.236 0.2226 0.2168 0.2103 0.2131 0.223 0.2297 0.2373 0.2327 0.2262 0.2211 0.2248 0.2338 0.2516 0.2756 0.2914 0.2978 0.2948
0.2826 0.2772 0.2696 0.2605 0.256 0.2526 0.2506 0.2497 0.2468 0.2305 0.2238 0.2085 0.1919 0.1751 0.1647 0.1563 0.1504 0.1442 0.1458 0.1467 0.1505 0.1558 0.1526 0.1532
0.174 0.1744 0.1684 0.159 0.1484 0.1353 0.1206 0.1073 0.1054 0.1066 0.1034 0.0909 0.0789 0.0705 0.0673 0.0653 0.0635 0.062 0.0631 0.0632 0.0627 0.0641 0.0647 0.064
0.1103 0.1067 0.1025 0.0983 0.092 0.0868 0.0775 0.0687 0.068 0.0675 0.0667 0.0659 0.0669 0.0676 0.0655 0.0623 0.0597 0.0573 0.0559 0.0538 0.0528 0.054 0.0552 0.0576
0.0388 0.0441 0.047 0.0502 0.0523 0.0536 0.0511 0.0478 0.0471 0.0463 0.0464 0.0464 0.0459 0.0453 0.0418 0.0381 0.035 0.0315 0.0301 0.0286 0.0287 0.0293 0.0289 0.0298
0.2395 0.2622 0.2789 0.2891 0.29 0.2928 0.2937 0.2873 0.2806 0.2673 0.2589 0.2478 0.2363 0.2323 0.2226 0.211 0.202 0.1868 0.1711 0.1643 0.159 0.1574 0.1536 0.1526
0.0334 0.0352 0.036 0.0376 0.0391 0.0369 0.0334 0.0296 0.0295 0.0298 0.0305 0.0319 0.034 0.0344 0.0348 0.0347 0.0353 0.0344 0.0337 0.0324 0.0316 0.0309 0.0306 0.0295
0.0316 0.0321 0.031 0.0299 0.0285 0.0263 0.0247 0.0233 0.0228 0.0221 0.0212 0.0199 0.0203 0.0216 0.022 0.0214 0.0211 0.0193 0.0168 0.0152 0.0138 0.0127 0.0119 0.0116
0.0149 0.0149 0.0153 0.0156 0.0167 0.0179 0.0186 0.0189 0.0192 0.0189 0.0184 0.0182 0.0193 0.0216 0.0236 0.0257 0.0268 0.0281 0.0297 0.0325 0.0361 0.0415 0.0454 0.0489
0.0427 0.0486 0.0546 0.0612 0.0643 0.0664 0.068 0.0677 0.0704 0.0666 0.0631 0.0598 0.0565 0.0533 0.0509 0.0481 0.0455 0.0409 0.0372 0.0349 0.0352 0.0352 0.0343 0.0348
0.0352 0.0355 0.0366 0.0371 0.0367 0.0329 0.0292 0.0257 0.0244 0.0246 0.0246 0.0256 0.0272 0.0295 0.0322 0.0341 0.037 0.0385 0.0401 0.0425 0.0472 0.0545 0.0642 0.0759
0.1347 0.1485 0.162 0.1702 0.1778 0.1808 0.1719 0.1583 0.155 0.1523 0.1481 0.1464 0.1399 0.1352 0.1243 0.1135 0.1055 0.0936 0.0877 0.0819 0.0775 0.0732 0.0697 0.0659
0.0618 0.0575 0.054 0.0507 0.0471 0.0426 0.0381 0.0346 0.0327 0.0324 0.0323 0.0331 0.0334 0.0347 0.0364 0.038 0.0397 0.0401 0.0405 0.0414 0.0422 0.0452 0.0459 0.0467
0.0481 0.0497 0.0508 0.0524 0.0524 0.0502 0.0464 0.0432 0.0416 0.0412 0.0417 0.0439 0.044 0.0434 0.0423 0.0425 0.0419 0.0413 0.041 0.0416 0.0421 0.0429 0.0421 0.0411
0.0422 0.0418 0.0409 0.0409 0.041 0.0404 0.0385 0.0368 0.0358 0.0364 0.0357 0.0349 0.0344 0.0356 0.038 0.0397 0.0421 0.0436 0.0452 0.046 0.0459 0.0463 0.0468 0.0463
0.0524 0.0507 0.048 0.0449 0.0428 0.0402 0.0391 0.0356 0.0329 0.0303 0.0285 0.026 0.0238 0.0228 0.0224 0.0241 0.0264 0.0277 0.029 0.0301 0.0318 0.0328 0.0333 0.0342
0.1429 0.1399 0.1357 0.1288 0.1231 0.1176 0.1113 0.1077 0.1042 0.0977 0.0932 0.0896 0.0871 0.088 0.0877 0.0863 0.0841 0.0752 0.0712 0.0681 0.0685 0.0672 0.0662 0.0653
0.0352 0.0368 0.0371 0.0383 0.0388 0.0372 0.035 0.0324 0.0289 0.0251 0.0225 0.0202 0.0192 0.0182 0.0181 0.0177 0.0185 0.0181 0.0179 0.0169 0.0182 0.0184 0.0176 0.017
0.0201 0.019 0.0177 0.0168 0.016 0.0141 0.0118 0.0102 0.0097 0.0091 0.0081 0.0075 0.0075 0.0079 0.0079 0.0088 0.0095 0.0102 0.011 0.0124 0.0147 0.018 0.0208 0.0259
0.0588 0.0548 0.0521 0.0484 0.0446 0.0398 0.0371 0.0343 0.0337 0.0338 0.0336 0.0328 0.0323 0.0327 0.0324 0.0323 0.0331 0.0338 0.0356 0.0378 0.0399 0.0428 0.0465 0.0508
0.0648 0.0657 0.067 0.0678 0.0693 0.0702 0.0695 0.0707 0.0752 0.0801 0.0831 0.0853 0.0854 0.084 0.0824 0.0816 0.0813 0.0802 0.0813 0.0861 0.0929 0.1002 0.1031 0.1061
0.1002 0.0989 0.0964 0.0954 0.0945 0.0938 0.09 0.0853 0.085 0.0875 0.0891 0.0893 0.0888 0.0886 0.0917 0.0974 0.107 0.1155 0.1278 0.1443 0.162 0.1855 0.206 0.2265
0.2555 0.2779 0.2915 0.3002 0.3018 0.2952 0.2845 0.2718 0.2638 0.2544 0.2413 0.224 0.2112 0.1972 0.1818 0.1609 0.1415 0.1243 0.1159 0.1134 0.113 0.1133 0.1117 0.1166
0.1777 0.1794 0.177 0.17 0.1571 0.1343 0.1127 0.0877 0.0695 0.0591 0.0531 0.0522 0.055 0.0613 0.0704 0.0796 0.0872 0.0956 0.1053 0.1142 0.126 0.1333 0.1369 0.139
0.1707 0.1731 0.18 0.1858 0.1944 0.2045 0.2195 0.2301 0.2375 0.2482 0.2595 0.2705 0.2861 0.3043 0.321 0.339 0.3418 0.3311 0.329 0.3292 0.3348 0.3218 0.2972 0.2682
0.2084 0.1937 0.1836 0.1777 0.1741 0.1701 0.171 0.1749 0.1771 0.1776 0.1817 0.1851 0.1901 0.1997 0.2041 0.2012 0.1942 0.1772 0.1647 0.16 0.1584 0.1552 0.1465 0.1416
